6.000000000000000000e+02 4.640000000000000000e+02
6.000000000000000000e+02 4.210000000000000000e+02
4.510000000000000000e+02 4.450000000000000000e+02
4.730000000000000000e+02 4.590000000000000000e+02
4.970000000000000000e+02 4.360000000000000000e+02
5.280000000000000000e+02 4.260000000000000000e+02
4.060000000000000000e+02 3.490000000000000000e+02
3.960000000000000000e+02 3.380000000000000000e+02
4.400000000000000000e+02 3.040000000000000000e+02
4.730000000000000000e+02 2.400000000000000000e+02
5.910000000000000000e+02 2.610000000000000000e+02
6.330000000000000000e+02 9.900000000000000000e+01
5.230000000000000000e+02 1.010000000000000000e+02
6.290000000000000000e+02 3.600000000000000000e+01
3.080000000000000000e+02 8.900000000000000000e+01
3.030000000000000000e+02 1.030000000000000000e+02
3.390000000000000000e+02 1.720000000000000000e+02
2.960000000000000000e+02 1.920000000000000000e+02
2.260000000000000000e+02 1.660000000000000000e+02
1.200000000000000000e+02 1.780000000000000000e+02
9.700000000000000000e+01 1.780000000000000000e+02
1.990000000000000000e+02 2.800000000000000000e+02
1.810000000000000000e+02 2.830000000000000000e+02
2.430000000000000000e+02 3.690000000000000000e+02
2.230000000000000000e+02 3.660000000000000000e+02
7.800000000000000000e+01 3.710000000000000000e+02
1.000000000000000000e+01 3.880000000000000000e+02
1.300000000000000000e+01 4.500000000000000000e+02
3.700000000000000000e+01 4.500000000000000000e+02
