2.820000000000000000e+02 3.700000000000000000e+01
3.450000000000000000e+02 8.400000000000000000e+01
4.330000000000000000e+02 6.100000000000000000e+01
2.730000000000000000e+02 1.570000000000000000e+02
3.500000000000000000e+01 1.600000000000000000e+02
8.800000000000000000e+01 1.530000000000000000e+02
1.340000000000000000e+02 1.300000000000000000e+02
1.550000000000000000e+02 1.110000000000000000e+02
1.450000000000000000e+02 1.870000000000000000e+02
1.780000000000000000e+02 1.720000000000000000e+02
2.000000000000000000e+02 1.850000000000000000e+02
1.300000000000000000e+02 2.480000000000000000e+02
1.260000000000000000e+02 2.880000000000000000e+02
2.160000000000000000e+02 2.520000000000000000e+02
0.000000000000000000e+00 3.550000000000000000e+02
1.070000000000000000e+02 4.040000000000000000e+02
1.910000000000000000e+02 4.100000000000000000e+02
1.760000000000000000e+02 4.400000000000000000e+02
1.720000000000000000e+02 4.630000000000000000e+02
2.300000000000000000e+01 4.610000000000000000e+02
3.130000000000000000e+02 3.430000000000000000e+02
4.540000000000000000e+02 3.550000000000000000e+02
4.420000000000000000e+02 3.380000000000000000e+02
4.310000000000000000e+02 3.430000000000000000e+02
5.170000000000000000e+02 2.770000000000000000e+02
5.360000000000000000e+02 2.940000000000000000e+02
5.680000000000000000e+02 3.870000000000000000e+02
6.330000000000000000e+02 4.770000000000000000e+02
5.490000000000000000e+02 7.300000000000000000e+01
5.660000000000000000e+02 6.500000000000000000e+01
