6.020000000000000000e+02 3.470000000000000000e+02
5.770000000000000000e+02 9.700000000000000000e+01
6.130000000000000000e+02 3.130000000000000000e+02
5.830000000000000000e+02 2.860000000000000000e+02
5.150000000000000000e+02 2.740000000000000000e+02
5.560000000000000000e+02 3.130000000000000000e+02
5.280000000000000000e+02 1.360000000000000000e+02
5.580000000000000000e+02 9.300000000000000000e+01
4.990000000000000000e+02 1.060000000000000000e+02
4.750000000000000000e+02 1.230000000000000000e+02
4.870000000000000000e+02 2.460000000000000000e+02
1.040000000000000000e+02 2.400000000000000000e+02
4.360000000000000000e+02 1.200000000000000000e+02
3.540000000000000000e+02 1.320000000000000000e+02
2.490000000000000000e+02 1.180000000000000000e+02
4.550000000000000000e+02 1.890000000000000000e+02
3.750000000000000000e+02 2.090000000000000000e+02
4.250000000000000000e+02 3.130000000000000000e+02
4.300000000000000000e+02 2.780000000000000000e+02
4.090000000000000000e+02 3.020000000000000000e+02
3.980000000000000000e+02 3.090000000000000000e+02
3.430000000000000000e+02 2.830000000000000000e+02
2.900000000000000000e+02 3.130000000000000000e+02
5.260000000000000000e+02 4.280000000000000000e+02
4.890000000000000000e+02 3.660000000000000000e+02
4.550000000000000000e+02 4.350000000000000000e+02
4.570000000000000000e+02 4.780000000000000000e+02
4.290000000000000000e+02 4.020000000000000000e+02
4.130000000000000000e+02 4.070000000000000000e+02
3.400000000000000000e+02 4.440000000000000000e+02
4.200000000000000000e+01 1.090000000000000000e+02
5.400000000000000000e+02 4.550000000000000000e+02
