4.910000000000000000e+02 2.140000000000000000e+02
4.290000000000000000e+02 2.040000000000000000e+02
4.050000000000000000e+02 2.400000000000000000e+02
3.750000000000000000e+02 2.520000000000000000e+02
2.840000000000000000e+02 2.580000000000000000e+02
2.540000000000000000e+02 2.300000000000000000e+02
2.060000000000000000e+02 1.880000000000000000e+02
1.880000000000000000e+02 1.840000000000000000e+02
2.320000000000000000e+02 1.360000000000000000e+02
2.860000000000000000e+02 1.520000000000000000e+02
2.780000000000000000e+02 1.780000000000000000e+02
3.230000000000000000e+02 1.680000000000000000e+02
3.890000000000000000e+02 1.200000000000000000e+02
3.690000000000000000e+02 8.600000000000000000e+01
3.950000000000000000e+02 1.100000000000000000e+02
3.350000000000000000e+02 6.800000000000000000e+01
3.160000000000000000e+02 7.800000000000000000e+01
1.100000000000000000e+02 1.700000000000000000e+02
4.200000000000000000e+01 1.300000000000000000e+02
5.600000000000000000e+01 2.920000000000000000e+02
1.660000000000000000e+02 2.820000000000000000e+02
2.000000000000000000e+02 2.700000000000000000e+02
2.680000000000000000e+02 2.920000000000000000e+02
1.980000000000000000e+02 3.180000000000000000e+02
1.920000000000000000e+02 3.280000000000000000e+02
1.520000000000000000e+02 3.400000000000000000e+02
2.280000000000000000e+02 3.720000000000000000e+02
2.160000000000000000e+02 3.880000000000000000e+02
2.420000000000000000e+02 4.380000000000000000e+02
2.580000000000000000e+02 4.160000000000000000e+02
2.800000000000000000e+02 3.960000000000000000e+02
4.150000000000000000e+02 4.000000000000000000e+02
3.970000000000000000e+02 4.220000000000000000e+02
3.790000000000000000e+02 4.760000000000000000e+02
4.970000000000000000e+02 4.360000000000000000e+02
5.450000000000000000e+02 3.680000000000000000e+02
5.270000000000000000e+02 2.480000000000000000e+02
5.970000000000000000e+02 8.200000000000000000e+01
