1.070000000000000000e+02 9.000000000000000000e+01
4.200000000000000000e+01 1.570000000000000000e+02
2.000000000000000000e+00 1.670000000000000000e+02
1.010000000000000000e+02 1.720000000000000000e+02
1.010000000000000000e+02 2.030000000000000000e+02
1.230000000000000000e+02 1.650000000000000000e+02
2.360000000000000000e+02 9.700000000000000000e+01
3.010000000000000000e+02 1.210000000000000000e+02
1.090000000000000000e+02 2.540000000000000000e+02
1.200000000000000000e+02 2.640000000000000000e+02
2.950000000000000000e+02 2.860000000000000000e+02
2.090000000000000000e+02 3.410000000000000000e+02
1.690000000000000000e+02 3.550000000000000000e+02
2.100000000000000000e+02 4.030000000000000000e+02
3.660000000000000000e+02 1.650000000000000000e+02
3.660000000000000000e+02 2.320000000000000000e+02
3.490000000000000000e+02 2.910000000000000000e+02
3.450000000000000000e+02 3.350000000000000000e+02
3.450000000000000000e+02 3.460000000000000000e+02
3.410000000000000000e+02 4.370000000000000000e+02
2.870000000000000000e+02 4.170000000000000000e+02
2.570000000000000000e+02 4.210000000000000000e+02
2.590000000000000000e+02 4.470000000000000000e+02
2.590000000000000000e+02 4.580000000000000000e+02
1.750000000000000000e+02 4.500000000000000000e+02
1.690000000000000000e+02 4.530000000000000000e+02
6.200000000000000000e+02 4.090000000000000000e+02
6.070000000000000000e+02 3.890000000000000000e+02
4.530000000000000000e+02 4.480000000000000000e+02
4.640000000000000000e+02 4.360000000000000000e+02
4.610000000000000000e+02 3.970000000000000000e+02
6.230000000000000000e+02 3.380000000000000000e+02
6.070000000000000000e+02 3.350000000000000000e+02
6.110000000000000000e+02 3.250000000000000000e+02
5.590000000000000000e+02 2.970000000000000000e+02
5.490000000000000000e+02 2.860000000000000000e+02
6.380000000000000000e+02 2.190000000000000000e+02
6.340000000000000000e+02 1.790000000000000000e+02
6.210000000000000000e+02 1.820000000000000000e+02
6.310000000000000000e+02 1.500000000000000000e+02
5.960000000000000000e+02 1.030000000000000000e+02
5.190000000000000000e+02 1.040000000000000000e+02
5.280000000000000000e+02 1.310000000000000000e+02
5.380000000000000000e+02 1.850000000000000000e+02
4.630000000000000000e+02 2.020000000000000000e+02
4.480000000000000000e+02 1.740000000000000000e+02
4.640000000000000000e+02 9.000000000000000000e+01
4.060000000000000000e+02 1.200000000000000000e+02
4.100000000000000000e+02 2.370000000000000000e+02
4.720000000000000000e+02 2.660000000000000000e+02
