4.980000000000000000e+02 4.320000000000000000e+02
4.890000000000000000e+02 4.150000000000000000e+02
4.180000000000000000e+02 4.480000000000000000e+02
4.400000000000000000e+02 4.170000000000000000e+02
4.400000000000000000e+02 4.090000000000000000e+02
6.110000000000000000e+02 4.350000000000000000e+02
6.300000000000000000e+02 3.050000000000000000e+02
5.750000000000000000e+02 3.410000000000000000e+02
4.660000000000000000e+02 3.080000000000000000e+02
4.930000000000000000e+02 3.080000000000000000e+02
6.160000000000000000e+02 2.950000000000000000e+02
5.500000000000000000e+02 2.630000000000000000e+02
4.200000000000000000e+02 2.270000000000000000e+02
3.690000000000000000e+02 2.700000000000000000e+02
5.950000000000000000e+02 2.580000000000000000e+02
6.360000000000000000e+02 1.020000000000000000e+02
6.070000000000000000e+02 1.080000000000000000e+02
5.920000000000000000e+02 1.200000000000000000e+02
6.000000000000000000e+02 1.660000000000000000e+02
5.570000000000000000e+02 1.410000000000000000e+02
5.220000000000000000e+02 1.710000000000000000e+02
5.210000000000000000e+02 1.640000000000000000e+02
5.170000000000000000e+02 1.360000000000000000e+02
3.940000000000000000e+02 1.810000000000000000e+02
4.070000000000000000e+02 1.460000000000000000e+02
4.140000000000000000e+02 1.300000000000000000e+02
4.070000000000000000e+02 1.080000000000000000e+02
6.280000000000000000e+02 8.200000000000000000e+01
5.520000000000000000e+02 6.200000000000000000e+01
5.550000000000000000e+02 5.700000000000000000e+01
5.770000000000000000e+02 4.100000000000000000e+01
5.880000000000000000e+02 3.900000000000000000e+01
5.820000000000000000e+02 8.000000000000000000e+00
5.900000000000000000e+02 3.000000000000000000e+00
5.060000000000000000e+02 9.000000000000000000e+00
3.280000000000000000e+02 9.000000000000000000e+00
2.400000000000000000e+01 5.600000000000000000e+01
6.400000000000000000e+01 9.400000000000000000e+01
2.540000000000000000e+02 1.530000000000000000e+02
3.000000000000000000e+02 1.200000000000000000e+02
3.560000000000000000e+02 2.020000000000000000e+02
2.340000000000000000e+02 1.830000000000000000e+02
2.930000000000000000e+02 2.040000000000000000e+02
1.550000000000000000e+02 2.370000000000000000e+02
1.400000000000000000e+02 2.010000000000000000e+02
1.230000000000000000e+02 2.060000000000000000e+02
3.610000000000000000e+02 3.050000000000000000e+02
3.330000000000000000e+02 2.880000000000000000e+02
2.650000000000000000e+02 3.150000000000000000e+02
3.260000000000000000e+02 4.070000000000000000e+02
2.570000000000000000e+02 3.770000000000000000e+02
2.440000000000000000e+02 3.640000000000000000e+02
3.080000000000000000e+02 3.520000000000000000e+02
2.170000000000000000e+02 2.950000000000000000e+02
2.500000000000000000e+02 3.010000000000000000e+02
3.200000000000000000e+02 3.280000000000000000e+02
3.260000000000000000e+02 3.180000000000000000e+02
3.230000000000000000e+02 3.130000000000000000e+02
2.620000000000000000e+02 2.580000000000000000e+02
