4.000000000000000000e+00 4.690000000000000000e+02
8.600000000000000000e+01 4.320000000000000000e+02
5.600000000000000000e+01 3.240000000000000000e+02
7.800000000000000000e+01 3.370000000000000000e+02
8.800000000000000000e+01 2.210000000000000000e+02
1.020000000000000000e+02 1.530000000000000000e+02
8.400000000000000000e+01 1.600000000000000000e+02
4.800000000000000000e+01 1.140000000000000000e+02
8.600000000000000000e+01 9.400000000000000000e+01
9.100000000000000000e+01 8.000000000000000000e+01
4.700000000000000000e+01 6.500000000000000000e+01
3.100000000000000000e+01 8.700000000000000000e+01
1.500000000000000000e+01 9.700000000000000000e+01
2.200000000000000000e+01 1.080000000000000000e+02
3.400000000000000000e+01 1.000000000000000000e+02
4.180000000000000000e+02 4.620000000000000000e+02
3.000000000000000000e+02 4.180000000000000000e+02
2.040000000000000000e+02 4.040000000000000000e+02
1.710000000000000000e+02 4.060000000000000000e+02
4.430000000000000000e+02 3.460000000000000000e+02
4.300000000000000000e+02 2.350000000000000000e+02
4.150000000000000000e+02 2.790000000000000000e+02
3.670000000000000000e+02 2.270000000000000000e+02
3.750000000000000000e+02 2.380000000000000000e+02
3.970000000000000000e+02 2.320000000000000000e+02
4.070000000000000000e+02 2.270000000000000000e+02
4.490000000000000000e+02 2.050000000000000000e+02
4.220000000000000000e+02 1.990000000000000000e+02
4.510000000000000000e+02 1.670000000000000000e+02
5.480000000000000000e+02 2.430000000000000000e+02
5.620000000000000000e+02 3.560000000000000000e+02
5.560000000000000000e+02 1.520000000000000000e+02
4.790000000000000000e+02 1.660000000000000000e+02
5.360000000000000000e+02 5.400000000000000000e+01
4.850000000000000000e+02 7.800000000000000000e+01
4.220000000000000000e+02 1.380000000000000000e+02
2.950000000000000000e+02 1.050000000000000000e+02
2.390000000000000000e+02 1.010000000000000000e+02
2.280000000000000000e+02 1.160000000000000000e+02
2.150000000000000000e+02 1.410000000000000000e+02
1.740000000000000000e+02 1.520000000000000000e+02
1.800000000000000000e+02 1.610000000000000000e+02
2.200000000000000000e+02 4.800000000000000000e+01
1.650000000000000000e+02 7.600000000000000000e+01
1.770000000000000000e+02 6.100000000000000000e+01
1.630000000000000000e+02 5.600000000000000000e+01
1.690000000000000000e+02 4.700000000000000000e+01
1.870000000000000000e+02 5.800000000000000000e+01
1.160000000000000000e+02 7.200000000000000000e+01
1.350000000000000000e+02 1.060000000000000000e+02
1.760000000000000000e+02 9.500000000000000000e+01
1.100000000000000000e+02 3.560000000000000000e+02
1.460000000000000000e+02 3.380000000000000000e+02
1.660000000000000000e+02 3.130000000000000000e+02
1.360000000000000000e+02 2.650000000000000000e+02
1.080000000000000000e+02 2.830000000000000000e+02
1.060000000000000000e+02 2.690000000000000000e+02
9.500000000000000000e+01 2.690000000000000000e+02
6.060000000000000000e+02 4.690000000000000000e+02
6.210000000000000000e+02 2.570000000000000000e+02
5.880000000000000000e+02 2.290000000000000000e+02
6.220000000000000000e+02 2.270000000000000000e+02
6.380000000000000000e+02 2.330000000000000000e+02
6.380000000000000000e+02 1.750000000000000000e+02
