5.900000000000000000e+02 4.130000000000000000e+02
6.170000000000000000e+02 3.270000000000000000e+02
4.530000000000000000e+02 4.340000000000000000e+02
6.360000000000000000e+02 5.000000000000000000e+00
5.750000000000000000e+02 1.700000000000000000e+01
5.670000000000000000e+02 0.000000000000000000e+00
6.010000000000000000e+02 8.300000000000000000e+01
5.840000000000000000e+02 1.730000000000000000e+02
4.850000000000000000e+02 1.520000000000000000e+02
4.070000000000000000e+02 8.000000000000000000e+01
4.010000000000000000e+02 5.000000000000000000e+00
5.690000000000000000e+02 1.350000000000000000e+02
5.140000000000000000e+02 1.080000000000000000e+02
4.530000000000000000e+02 1.350000000000000000e+02
4.510000000000000000e+02 9.100000000000000000e+01
3.710000000000000000e+02 7.600000000000000000e+01
3.250000000000000000e+02 1.300000000000000000e+01
3.270000000000000000e+02 5.900000000000000000e+01
3.580000000000000000e+02 8.000000000000000000e+01
4.150000000000000000e+02 1.460000000000000000e+02
3.580000000000000000e+02 1.580000000000000000e+02
2.010000000000000000e+02 2.200000000000000000e+01
2.640000000000000000e+02 1.180000000000000000e+02
2.890000000000000000e+02 9.700000000000000000e+01
3.290000000000000000e+02 2.150000000000000000e+02
1.270000000000000000e+02 1.820000000000000000e+02
5.310000000000000000e+02 1.820000000000000000e+02
5.420000000000000000e+02 1.690000000000000000e+02
4.700000000000000000e+02 1.800000000000000000e+02
4.360000000000000000e+02 2.050000000000000000e+02
4.170000000000000000e+02 3.400000000000000000e+01
