1.600000000000000000e+01 1.200000000000000000e+02
1.000000000000000000e+00 1.480000000000000000e+02
1.540000000000000000e+02 1.580000000000000000e+02
1.530000000000000000e+02 1.400000000000000000e+02
1.450000000000000000e+02 1.210000000000000000e+02
1.260000000000000000e+02 1.270000000000000000e+02
1.320000000000000000e+02 1.610000000000000000e+02
1.260000000000000000e+02 1.760000000000000000e+02
1.170000000000000000e+02 1.780000000000000000e+02
7.300000000000000000e+01 1.760000000000000000e+02
7.700000000000000000e+01 1.380000000000000000e+02
4.000000000000000000e+00 1.720000000000000000e+02
8.000000000000000000e+00 2.120000000000000000e+02
3.300000000000000000e+01 2.010000000000000000e+02
2.100000000000000000e+01 2.260000000000000000e+02
1.600000000000000000e+01 2.380000000000000000e+02
2.800000000000000000e+01 2.370000000000000000e+02
8.400000000000000000e+01 2.170000000000000000e+02
9.700000000000000000e+01 2.310000000000000000e+02
1.570000000000000000e+02 2.730000000000000000e+02
1.580000000000000000e+02 2.980000000000000000e+02
7.900000000000000000e+01 3.120000000000000000e+02
6.300000000000000000e+01 3.170000000000000000e+02
9.000000000000000000e+00 3.600000000000000000e+02
2.000000000000000000e+00 3.800000000000000000e+02
1.900000000000000000e+01 3.880000000000000000e+02
5.900000000000000000e+01 3.720000000000000000e+02
5.900000000000000000e+01 3.800000000000000000e+02
5.400000000000000000e+01 3.970000000000000000e+02
8.900000000000000000e+01 3.910000000000000000e+02
1.110000000000000000e+02 4.130000000000000000e+02
6.300000000000000000e+01 4.550000000000000000e+02
5.100000000000000000e+01 4.580000000000000000e+02
2.700000000000000000e+01 4.320000000000000000e+02
1.700000000000000000e+02 4.720000000000000000e+02
1.780000000000000000e+02 4.100000000000000000e+02
2.320000000000000000e+02 4.410000000000000000e+02
3.440000000000000000e+02 4.270000000000000000e+02
2.660000000000000000e+02 3.330000000000000000e+02
1.980000000000000000e+02 2.170000000000000000e+02
1.750000000000000000e+02 1.860000000000000000e+02
1.750000000000000000e+02 1.620000000000000000e+02
1.990000000000000000e+02 1.400000000000000000e+02
2.090000000000000000e+02 1.130000000000000000e+02
2.000000000000000000e+02 1.110000000000000000e+02
1.920000000000000000e+02 1.150000000000000000e+02
3.140000000000000000e+02 1.580000000000000000e+02
3.280000000000000000e+02 1.060000000000000000e+02
3.440000000000000000e+02 1.280000000000000000e+02
3.330000000000000000e+02 1.670000000000000000e+02
3.080000000000000000e+02 2.080000000000000000e+02
3.340000000000000000e+02 2.630000000000000000e+02
4.070000000000000000e+02 2.030000000000000000e+02
4.140000000000000000e+02 2.080000000000000000e+02
4.190000000000000000e+02 3.820000000000000000e+02
4.590000000000000000e+02 3.550000000000000000e+02
5.330000000000000000e+02 3.300000000000000000e+02
4.290000000000000000e+02 2.520000000000000000e+02
4.690000000000000000e+02 2.380000000000000000e+02
4.750000000000000000e+02 2.370000000000000000e+02
5.220000000000000000e+02 1.930000000000000000e+02
6.180000000000000000e+02 2.560000000000000000e+02
5.850000000000000000e+02 1.780000000000000000e+02
6.160000000000000000e+02 1.720000000000000000e+02
5.960000000000000000e+02 1.480000000000000000e+02
5.560000000000000000e+02 1.430000000000000000e+02
5.470000000000000000e+02 1.470000000000000000e+02
5.480000000000000000e+02 1.180000000000000000e+02
4.650000000000000000e+02 1.810000000000000000e+02
4.570000000000000000e+02 1.320000000000000000e+02
4.510000000000000000e+02 1.280000000000000000e+02
