3.520000000000000000e+02 5.800000000000000000e+01
3.320000000000000000e+02 1.180000000000000000e+02
4.240000000000000000e+02 1.660000000000000000e+02
3.560000000000000000e+02 1.920000000000000000e+02
3.060000000000000000e+02 1.800000000000000000e+01
2.300000000000000000e+02 1.460000000000000000e+02
6.040000000000000000e+02 1.840000000000000000e+02
5.820000000000000000e+02 2.620000000000000000e+02
4.280000000000000000e+02 2.740000000000000000e+02
3.420000000000000000e+02 2.300000000000000000e+02
3.260000000000000000e+02 2.120000000000000000e+02
2.580000000000000000e+02 2.660000000000000000e+02
4.020000000000000000e+02 3.680000000000000000e+02
3.860000000000000000e+02 3.160000000000000000e+02
4.540000000000000000e+02 2.740000000000000000e+02
1.920000000000000000e+02 1.480000000000000000e+02
1.680000000000000000e+02 1.780000000000000000e+02
1.540000000000000000e+02 1.580000000000000000e+02
1.520000000000000000e+02 1.720000000000000000e+02
1.920000000000000000e+02 2.440000000000000000e+02
2.860000000000000000e+02 2.720000000000000000e+02
2.660000000000000000e+02 3.040000000000000000e+02
1.620000000000000000e+02 3.020000000000000000e+02
1.200000000000000000e+02 3.260000000000000000e+02
9.600000000000000000e+01 3.800000000000000000e+02
1.220000000000000000e+02 4.340000000000000000e+02
2.380000000000000000e+02 3.780000000000000000e+02
2.980000000000000000e+02 3.880000000000000000e+02
3.160000000000000000e+02 4.240000000000000000e+02
4.040000000000000000e+02 4.100000000000000000e+02
2.980000000000000000e+02 4.480000000000000000e+02
2.260000000000000000e+02 4.120000000000000000e+02
1.320000000000000000e+02 3.400000000000000000e+02
2.200000000000000000e+01 3.280000000000000000e+02
6.600000000000000000e+01 2.000000000000000000e+02
6.600000000000000000e+01 1.340000000000000000e+02
1.800000000000000000e+01 1.200000000000000000e+02
2.800000000000000000e+01 1.160000000000000000e+02
