6.200000000000000000e+02 9.500000000000000000e+01
5.250000000000000000e+02 4.000000000000000000e+01
5.270000000000000000e+02 2.200000000000000000e+02
5.750000000000000000e+02 3.870000000000000000e+02
5.000000000000000000e+01 4.400000000000000000e+02
1.120000000000000000e+02 4.000000000000000000e+02
6.200000000000000000e+01 4.170000000000000000e+02
2.250000000000000000e+02 3.820000000000000000e+02
2.850000000000000000e+02 3.920000000000000000e+02
3.320000000000000000e+02 4.420000000000000000e+02
3.550000000000000000e+02 3.370000000000000000e+02
2.320000000000000000e+02 3.420000000000000000e+02
2.300000000000000000e+02 3.600000000000000000e+02
1.700000000000000000e+01 2.850000000000000000e+02
1.100000000000000000e+02 2.450000000000000000e+02
1.470000000000000000e+02 2.750000000000000000e+02
1.920000000000000000e+02 3.150000000000000000e+02
2.220000000000000000e+02 2.720000000000000000e+02
1.300000000000000000e+02 2.350000000000000000e+02
3.700000000000000000e+02 2.400000000000000000e+02
3.000000000000000000e+02 2.050000000000000000e+02
1.270000000000000000e+02 1.350000000000000000e+02
1.050000000000000000e+02 1.270000000000000000e+02
8.200000000000000000e+01 1.400000000000000000e+02
5.200000000000000000e+01 1.500000000000000000e+02
1.070000000000000000e+02 9.700000000000000000e+01
2.750000000000000000e+02 5.700000000000000000e+01
1.650000000000000000e+02 9.500000000000000000e+01
1.750000000000000000e+02 1.800000000000000000e+02
2.350000000000000000e+02 1.620000000000000000e+02
4.070000000000000000e+02 1.200000000000000000e+02
1.570000000000000000e+02 2.000000000000000000e+01
5.500000000000000000e+01 9.700000000000000000e+01
