6.380000000000000000e+02 2.090000000000000000e+02
5.860000000000000000e+02 2.360000000000000000e+02
5.060000000000000000e+02 1.480000000000000000e+02
5.280000000000000000e+02 1.160000000000000000e+02
5.200000000000000000e+02 1.040000000000000000e+02
5.170000000000000000e+02 9.300000000000000000e+01
4.670000000000000000e+02 9.700000000000000000e+01
4.440000000000000000e+02 1.130000000000000000e+02
4.090000000000000000e+02 1.110000000000000000e+02
3.750000000000000000e+02 1.210000000000000000e+02
3.630000000000000000e+02 1.180000000000000000e+02
3.710000000000000000e+02 1.000000000000000000e+02
4.540000000000000000e+02 1.560000000000000000e+02
4.370000000000000000e+02 1.680000000000000000e+02
3.820000000000000000e+02 2.280000000000000000e+02
6.270000000000000000e+02 2.670000000000000000e+02
5.150000000000000000e+02 3.020000000000000000e+02
4.240000000000000000e+02 2.940000000000000000e+02
5.710000000000000000e+02 3.440000000000000000e+02
6.230000000000000000e+02 3.560000000000000000e+02
4.050000000000000000e+02 3.940000000000000000e+02
4.190000000000000000e+02 4.760000000000000000e+02
5.310000000000000000e+02 4.690000000000000000e+02
1.170000000000000000e+02 4.670000000000000000e+02
2.100000000000000000e+01 4.410000000000000000e+02
1.070000000000000000e+02 4.350000000000000000e+02
1.410000000000000000e+02 4.340000000000000000e+02
1.630000000000000000e+02 4.580000000000000000e+02
2.620000000000000000e+02 4.460000000000000000e+02
2.200000000000000000e+01 3.460000000000000000e+02
1.200000000000000000e+02 3.700000000000000000e+02
1.350000000000000000e+02 3.410000000000000000e+02
1.620000000000000000e+02 3.550000000000000000e+02
2.780000000000000000e+02 3.800000000000000000e+02
2.810000000000000000e+02 3.680000000000000000e+02
2.830000000000000000e+02 3.320000000000000000e+02
2.450000000000000000e+02 2.860000000000000000e+02
3.530000000000000000e+02 2.500000000000000000e+02
2.450000000000000000e+02 2.190000000000000000e+02
1.400000000000000000e+02 2.230000000000000000e+02
9.300000000000000000e+01 2.560000000000000000e+02
2.570000000000000000e+02 1.000000000000000000e+02
2.090000000000000000e+02 1.110000000000000000e+02
1.450000000000000000e+02 1.180000000000000000e+02
1.770000000000000000e+02 1.520000000000000000e+02
1.760000000000000000e+02 1.060000000000000000e+02
1.030000000000000000e+02 1.060000000000000000e+02
1.110000000000000000e+02 1.730000000000000000e+02
3.500000000000000000e+01 1.800000000000000000e+02
3.000000000000000000e+00 1.200000000000000000e+02
7.000000000000000000e+00 1.600000000000000000e+02
9.800000000000000000e+01 1.040000000000000000e+02
8.200000000000000000e+01 1.330000000000000000e+02
9.200000000000000000e+01 1.380000000000000000e+02
2.000000000000000000e+00 1.750000000000000000e+02
6.200000000000000000e+01 1.670000000000000000e+02
6.900000000000000000e+01 1.720000000000000000e+02
7.800000000000000000e+01 1.730000000000000000e+02
