3.080000000000000000e+02 2.700000000000000000e+01
2.120000000000000000e+02 7.000000000000000000e+01
1.160000000000000000e+02 8.900000000000000000e+01
4.200000000000000000e+01 7.600000000000000000e+01
2.300000000000000000e+01 1.080000000000000000e+02
8.500000000000000000e+01 1.420000000000000000e+02
6.300000000000000000e+01 1.790000000000000000e+02
1.380000000000000000e+02 2.470000000000000000e+02
1.820000000000000000e+02 1.920000000000000000e+02
2.420000000000000000e+02 1.420000000000000000e+02
3.740000000000000000e+02 1.280000000000000000e+02
3.780000000000000000e+02 1.890000000000000000e+02
4.420000000000000000e+02 1.920000000000000000e+02
4.400000000000000000e+02 2.150000000000000000e+02
4.160000000000000000e+02 2.410000000000000000e+02
5.060000000000000000e+02 2.190000000000000000e+02
4.970000000000000000e+02 1.830000000000000000e+02
4.690000000000000000e+02 2.810000000000000000e+02
4.270000000000000000e+02 2.660000000000000000e+02
4.460000000000000000e+02 2.580000000000000000e+02
4.610000000000000000e+02 2.640000000000000000e+02
4.480000000000000000e+02 2.750000000000000000e+02
5.160000000000000000e+02 3.640000000000000000e+02
6.270000000000000000e+02 7.000000000000000000e+01
6.200000000000000000e+02 1.700000000000000000e+02
5.820000000000000000e+02 2.900000000000000000e+02
6.140000000000000000e+02 4.370000000000000000e+02
4.570000000000000000e+02 4.770000000000000000e+02
2.380000000000000000e+02 2.770000000000000000e+02
3.990000000000000000e+02 4.330000000000000000e+02
2.630000000000000000e+02 4.580000000000000000e+02
8.900000000000000000e+01 4.180000000000000000e+02
4.000000000000000000e+00 3.450000000000000000e+02
1.700000000000000000e+01 4.480000000000000000e+02
1.230000000000000000e+02 3.200000000000000000e+02
1.930000000000000000e+02 3.410000000000000000e+02
1.930000000000000000e+02 3.240000000000000000e+02
6.500000000000000000e+01 2.850000000000000000e+02
5.700000000000000000e+01 2.900000000000000000e+02
6.100000000000000000e+01 3.000000000000000000e+02
