8.000000000000000000e+00 2.870000000000000000e+02
1.600000000000000000e+01 2.770000000000000000e+02
1.300000000000000000e+01 1.560000000000000000e+02
9.000000000000000000e+00 1.500000000000000000e+01
3.400000000000000000e+01 6.000000000000000000e+00
1.180000000000000000e+02 4.500000000000000000e+02
1.210000000000000000e+02 3.250000000000000000e+02
4.400000000000000000e+01 3.190000000000000000e+02
6.200000000000000000e+01 1.360000000000000000e+02
1.100000000000000000e+02 1.540000000000000000e+02
1.290000000000000000e+02 2.120000000000000000e+02
1.500000000000000000e+02 1.880000000000000000e+02
1.350000000000000000e+02 1.040000000000000000e+02
5.500000000000000000e+01 8.300000000000000000e+01
4.400000000000000000e+01 9.600000000000000000e+01
3.600000000000000000e+01 9.700000000000000000e+01
1.080000000000000000e+02 8.000000000000000000e+00
1.280000000000000000e+02 1.900000000000000000e+01
3.440000000000000000e+02 4.560000000000000000e+02
3.370000000000000000e+02 4.350000000000000000e+02
2.020000000000000000e+02 4.130000000000000000e+02
1.860000000000000000e+02 3.920000000000000000e+02
1.740000000000000000e+02 3.720000000000000000e+02
2.200000000000000000e+02 3.230000000000000000e+02
2.590000000000000000e+02 3.480000000000000000e+02
3.050000000000000000e+02 3.440000000000000000e+02
3.980000000000000000e+02 3.400000000000000000e+02
4.690000000000000000e+02 3.470000000000000000e+02
5.270000000000000000e+02 3.890000000000000000e+02
5.530000000000000000e+02 3.300000000000000000e+02
1.770000000000000000e+02 1.780000000000000000e+02
2.770000000000000000e+02 2.490000000000000000e+02
2.780000000000000000e+02 2.620000000000000000e+02
3.190000000000000000e+02 1.960000000000000000e+02
3.090000000000000000e+02 1.800000000000000000e+02
3.260000000000000000e+02 1.590000000000000000e+02
4.180000000000000000e+02 1.630000000000000000e+02
4.720000000000000000e+02 2.330000000000000000e+02
5.000000000000000000e+02 2.340000000000000000e+02
4.860000000000000000e+02 2.070000000000000000e+02
4.290000000000000000e+02 1.310000000000000000e+02
3.240000000000000000e+02 9.200000000000000000e+01
2.390000000000000000e+02 7.900000000000000000e+01
2.100000000000000000e+02 8.000000000000000000e+01
4.510000000000000000e+02 2.700000000000000000e+01
5.570000000000000000e+02 3.600000000000000000e+01
1.560000000000000000e+02 3.600000000000000000e+01
1.880000000000000000e+02 2.000000000000000000e+01
5.960000000000000000e+02 1.360000000000000000e+02
