6.280000000000000000e+02 4.360000000000000000e+02
5.500000000000000000e+02 4.570000000000000000e+02
4.560000000000000000e+02 3.900000000000000000e+02
2.020000000000000000e+02 3.670000000000000000e+02
1.810000000000000000e+02 3.670000000000000000e+02
6.700000000000000000e+01 4.400000000000000000e+02
1.060000000000000000e+02 3.130000000000000000e+02
1.400000000000000000e+02 3.390000000000000000e+02
1.750000000000000000e+02 2.620000000000000000e+02
1.850000000000000000e+02 2.620000000000000000e+02
1.940000000000000000e+02 2.530000000000000000e+02
2.200000000000000000e+02 1.380000000000000000e+02
7.800000000000000000e+01 1.010000000000000000e+02
2.050000000000000000e+02 9.100000000000000000e+01
2.560000000000000000e+02 9.000000000000000000e+01
2.880000000000000000e+02 1.250000000000000000e+02
3.120000000000000000e+02 1.810000000000000000e+02
3.920000000000000000e+02 2.450000000000000000e+02
5.630000000000000000e+02 1.890000000000000000e+02
4.340000000000000000e+02 1.080000000000000000e+02
4.580000000000000000e+02 1.100000000000000000e+01
4.100000000000000000e+01 1.000000000000000000e+00
4.400000000000000000e+01 1.500000000000000000e+01
1.100000000000000000e+01 1.160000000000000000e+02
2.200000000000000000e+01 1.930000000000000000e+02
