7.300000000000000000e+01 3.580000000000000000e+02
4.600000000000000000e+01 7.200000000000000000e+01
4.000000000000000000e+01 1.330000000000000000e+02
5.800000000000000000e+01 1.270000000000000000e+02
8.100000000000000000e+01 1.310000000000000000e+02
9.500000000000000000e+01 1.230000000000000000e+02
3.600000000000000000e+01 2.380000000000000000e+02
1.440000000000000000e+02 3.010000000000000000e+02
6.900000000000000000e+01 2.160000000000000000e+02
6.500000000000000000e+01 1.840000000000000000e+02
8.900000000000000000e+01 1.780000000000000000e+02
9.500000000000000000e+01 1.920000000000000000e+02
1.320000000000000000e+02 2.060000000000000000e+02
2.740000000000000000e+02 2.850000000000000000e+02
2.900000000000000000e+02 2.950000000000000000e+02
2.980000000000000000e+02 2.910000000000000000e+02
3.310000000000000000e+02 2.850000000000000000e+02
3.270000000000000000e+02 3.300000000000000000e+02
3.790000000000000000e+02 1.960000000000000000e+02
3.470000000000000000e+02 1.370000000000000000e+02
3.730000000000000000e+02 1.430000000000000000e+02
1.520000000000000000e+02 1.430000000000000000e+02
1.560000000000000000e+02 1.740000000000000000e+02
1.740000000000000000e+02 1.530000000000000000e+02
1.380000000000000000e+02 9.900000000000000000e+01
1.620000000000000000e+02 8.300000000000000000e+01
2.250000000000000000e+02 7.200000000000000000e+01
1.930000000000000000e+02 1.110000000000000000e+02
2.030000000000000000e+02 1.190000000000000000e+02
2.210000000000000000e+02 1.150000000000000000e+02
1.620000000000000000e+02 5.600000000000000000e+01
2.470000000000000000e+02 1.030000000000000000e+02
2.510000000000000000e+02 1.130000000000000000e+02
2.840000000000000000e+02 5.200000000000000000e+01
3.290000000000000000e+02 1.030000000000000000e+02
3.550000000000000000e+02 5.800000000000000000e+01
3.570000000000000000e+02 1.250000000000000000e+02
5.050000000000000000e+02 1.010000000000000000e+02
5.120000000000000000e+02 1.130000000000000000e+02
5.890000000000000000e+02 2.510000000000000000e+02
5.620000000000000000e+02 3.820000000000000000e+02
1.930000000000000000e+02 4.210000000000000000e+02
1.460000000000000000e+02 4.650000000000000000e+02
