6.350000000000000000e+02 8.900000000000000000e+01
6.070000000000000000e+02 9.000000000000000000e+00
4.970000000000000000e+02 0.000000000000000000e+00
5.240000000000000000e+02 4.100000000000000000e+01
3.170000000000000000e+02 9.200000000000000000e+01
3.150000000000000000e+02 1.600000000000000000e+01
4.830000000000000000e+02 1.800000000000000000e+01
4.880000000000000000e+02 5.300000000000000000e+01
2.730000000000000000e+02 1.500000000000000000e+02
2.960000000000000000e+02 1.360000000000000000e+02
3.930000000000000000e+02 1.290000000000000000e+02
5.570000000000000000e+02 1.840000000000000000e+02
4.440000000000000000e+02 2.860000000000000000e+02
1.600000000000000000e+01 1.430000000000000000e+02
9.400000000000000000e+01 1.960000000000000000e+02
