0.000000000000000000e+00 3.336959999999999926e-01 4.054360000000000186e-01 4.075999999999999762e-03 1.078999999999999924e-02
0.000000000000000000e+00 4.337639999999999829e-01 3.800899999999999834e-01 7.472999999999999608e-03 8.142999999999999197e-03
0.000000000000000000e+00 3.464670000000000250e-01 4.876829999999999776e-01 2.988999999999999903e-03 1.323299999999999997e-02
0.000000000000000000e+00 4.550950000000000273e-01 4.400450000000000195e-01 5.571000000000000431e-03 1.038299999999999987e-02
1.000000000000000000e+00 4.232339999999999991e-01 4.101179999999999826e-01 8.423999999999999197e-03 3.867999999999999911e-03
1.000000000000000000e+00 4.308420000000000027e-01 4.131719999999999837e-01 8.151999999999999524e-03 5.497000000000000150e-03
1.000000000000000000e+00 4.569969999999999866e-01 4.100159999999999916e-01 2.582000000000000094e-03 1.262199999999999954e-02
1.000000000000000000e+00 4.300269999999999926e-01 4.349549999999999805e-01 7.336999999999999772e-03 8.753999999999999629e-03
1.000000000000000000e+00 4.329479999999999995e-01 4.835099999999999953e-01 8.831999999999999573e-03 4.885999999999999718e-03
1.000000000000000000e+00 4.760190000000000254e-01 4.640679999999999805e-01 2.853000000000000067e-03 1.078999999999999924e-02
1.000000000000000000e+00 4.944290000000000074e-01 4.136810000000000209e-01 4.891000000000000382e-03 1.058599999999999992e-02
0.000000000000000000e+00 5.024459999999999482e-01 4.524630000000000041e-01 7.336999999999999772e-03 4.275000000000000154e-03
0.000000000000000000e+00 4.182069999999999954e-01 4.644750000000000267e-01 7.065000000000000099e-03 8.753999999999999629e-03
0.000000000000000000e+00 4.321329999999999893e-01 4.713970000000000105e-01 8.288000000000000228e-03 5.904000000000000394e-03
0.000000000000000000e+00 4.257469999999999866e-01 3.256310000000000038e-01 3.125000000000000173e-03 1.282600000000000059e-02
0.000000000000000000e+00 4.749320000000000208e-01 3.013029999999999875e-01 3.396999999999999846e-03 1.058599999999999992e-02
0.000000000000000000e+00 4.759510000000000129e-01 3.398820000000000174e-01 7.879999999999999852e-03 5.089999999999999906e-03
1.000000000000000000e+00 4.928669999999999995e-01 3.529109999999999747e-01 6.929000000000000263e-03 6.718000000000000013e-03
0.000000000000000000e+00 5.032609999999999584e-01 3.314329999999999776e-01 5.434999999999999727e-03 1.180800000000000079e-02
1.000000000000000000e+00 5.447689999999999477e-01 3.362169999999999881e-01 9.374999999999999653e-03 5.497000000000000150e-03
1.000000000000000000e+00 5.358020000000000005e-01 3.782570000000000099e-01 8.016000000000000555e-03 7.328999999999999578e-03
0.000000000000000000e+00 5.254079999999999862e-01 4.159200000000000119e-01 7.609000000000000312e-03 6.922000000000000201e-03
0.000000000000000000e+00 5.249319999999999542e-01 4.211119999999999863e-01 6.657999999999999856e-03 1.038299999999999987e-02
0.000000000000000000e+00 5.891300000000000425e-01 3.263440000000000230e-01 6.793000000000000427e-03 1.058599999999999992e-02
0.000000000000000000e+00 3.805029999999999801e-01 4.969459999999999988e-01 7.200999999999999936e-03 5.700000000000000205e-03
0.000000000000000000e+00 3.406250000000000111e-01 5.545600000000000529e-01 9.239000000000000684e-03 6.514999999999999958e-03
0.000000000000000000e+00 3.779890000000000194e-01 5.390880000000000116e-01 6.793000000000000427e-03 1.017900000000000055e-02
0.000000000000000000e+00 3.937499999999999889e-01 5.473329999999999584e-01 6.793000000000000427e-03 8.753999999999999629e-03
0.000000000000000000e+00 3.773779999999999912e-01 5.748170000000000224e-01 4.484000000000000138e-03 1.160399999999999973e-02
1.000000000000000000e+00 3.764950000000000241e-01 5.865230000000000166e-01 7.609000000000000312e-03 6.106999999999999582e-03
0.000000000000000000e+00 3.963990000000000014e-01 5.961929999999999730e-01 3.396999999999999846e-03 1.201100000000000084e-02
1.000000000000000000e+00 4.232339999999999991e-01 5.881509999999999794e-01 4.891000000000000382e-03 1.140099999999999968e-02
1.000000000000000000e+00 4.364129999999999954e-01 5.763439999999999674e-01 5.707000000000000267e-03 1.099299999999999930e-02
1.000000000000000000e+00 4.168479999999999963e-01 4.957250000000000267e-01 7.609000000000000312e-03 8.550000000000000308e-03
0.000000000000000000e+00 4.050949999999999829e-01 5.008139999999999814e-01 4.754999999999999678e-03 9.365000000000000061e-03
0.000000000000000000e+00 4.434100000000000263e-01 4.962340000000000084e-01 5.027000000000000218e-03 1.119700000000000036e-02
0.000000000000000000e+00 4.354620000000000157e-01 5.501829999999999776e-01 6.250000000000000347e-03 8.347000000000000253e-03
1.000000000000000000e+00 4.546200000000000241e-01 5.393930000000000113e-01 8.151999999999999524e-03 7.125000000000000257e-03
1.000000000000000000e+00 4.565219999999999834e-01 5.853009999999999602e-01 3.533000000000000116e-03 1.099299999999999930e-02
1.000000000000000000e+00 4.487090000000000245e-01 5.916120000000000267e-01 6.113999999999999643e-03 8.958000000000000684e-03
0.000000000000000000e+00 4.523780000000000023e-01 5.835709999999999509e-01 6.386000000000000183e-03 6.718000000000000013e-03
1.000000000000000000e+00 3.994570000000000065e-01 6.940150000000000485e-01 8.151999999999999524e-03 4.885999999999999718e-03
1.000000000000000000e+00 4.564540000000000264e-01 6.942180000000000017e-01 5.571000000000000431e-03 1.262199999999999954e-02
1.000000000000000000e+00 4.944290000000000074e-01 6.959490000000000398e-01 8.696000000000000604e-03 5.497000000000000150e-03
1.000000000000000000e+00 4.911010000000000097e-01 6.293769999999999643e-01 7.472999999999999608e-03 7.939999999999999142e-03
0.000000000000000000e+00 4.472829999999999862e-01 6.971699999999999564e-01 8.966999999999999277e-03 4.682000000000000398e-03
0.000000000000000000e+00 4.792799999999999838e-01 6.968649999999999567e-01 5.841999999999999971e-03 8.958000000000000684e-03
1.000000000000000000e+00 4.849180000000000157e-01 6.999189999999999579e-01 8.423999999999999197e-03 4.885999999999999718e-03
0.000000000000000000e+00 4.819289999999999963e-01 4.977610000000000090e-01 3.804000000000000090e-03 1.343600000000000003e-02
1.000000000000000000e+00 4.934780000000000277e-01 4.723129999999999828e-01 7.879999999999999852e-03 4.479000000000000342e-03
1.000000000000000000e+00 4.972150000000000181e-01 4.860550000000000148e-01 8.288000000000000228e-03 7.532999999999999766e-03
1.000000000000000000e+00 5.053670000000000107e-01 4.906349999999999878e-01 6.929000000000000263e-03 7.328999999999999578e-03
1.000000000000000000e+00 4.793479999999999963e-01 5.078380000000000116e-01 8.151999999999999524e-03 4.682000000000000398e-03
1.000000000000000000e+00 4.874319999999999764e-01 5.135380000000000500e-01 8.016000000000000555e-03 6.718000000000000013e-03
1.000000000000000000e+00 5.158289999999999820e-01 5.115020000000000122e-01 6.113999999999999643e-03 9.161000000000000740e-03
0.000000000000000000e+00 5.125680000000000236e-01 5.116039999999999477e-01 5.841999999999999971e-03 1.221500000000000016e-02
1.000000000000000000e+00 5.002720000000000500e-01 5.474350000000000049e-01 8.696000000000000604e-03 1.180800000000000079e-02
1.000000000000000000e+00 5.256790000000000074e-01 5.442789999999999573e-01 8.696000000000000604e-03 8.347000000000000253e-03
1.000000000000000000e+00 5.296870000000000189e-01 5.345069999999999544e-01 4.484000000000000138e-03 1.119700000000000036e-02
1.000000000000000000e+00 5.493209999999999482e-01 5.287049999999999805e-01 2.716999999999999797e-03 1.425099999999999978e-02
1.000000000000000000e+00 5.520380000000000287e-01 5.371540000000000203e-01 4.619999999999999975e-03 1.241899999999999948e-02
1.000000000000000000e+00 5.411010000000000542e-01 4.963359999999999994e-01 3.125000000000000173e-03 1.058599999999999992e-02
0.000000000000000000e+00 5.065899999999999848e-01 4.702770000000000006e-01 6.657999999999999856e-03 9.771999999999999437e-03
0.000000000000000000e+00 5.236410000000000231e-01 4.737379999999999924e-01 6.793000000000000427e-03 8.550000000000000308e-03
0.000000000000000000e+00 5.254079999999999862e-01 4.851380000000000137e-01 4.348000000000000302e-03 1.058599999999999992e-02
0.000000000000000000e+00 5.468750000000000000e-01 4.535830000000000140e-01 2.988999999999999903e-03 1.343600000000000003e-02
0.000000000000000000e+00 5.785329999999999639e-01 4.637620000000000076e-01 3.804000000000000090e-03 1.262199999999999954e-02
0.000000000000000000e+00 6.042119999999999713e-01 4.987789999999999724e-01 7.879999999999999852e-03 4.885999999999999718e-03
0.000000000000000000e+00 5.476900000000000102e-01 5.855050000000000532e-01 8.151999999999999524e-03 6.106999999999999582e-03
0.000000000000000000e+00 5.565219999999999612e-01 5.664700000000000291e-01 7.879999999999999852e-03 7.125000000000000257e-03
0.000000000000000000e+00 5.791439999999999921e-01 5.768529999999999491e-01 6.386000000000000183e-03 1.119700000000000036e-02
0.000000000000000000e+00 5.512230000000000185e-01 6.480050000000000532e-01 4.075999999999999762e-03 1.343600000000000003e-02
0.000000000000000000e+00 5.439540000000000486e-01 6.542139999999999622e-01 7.472999999999999608e-03 9.976000000000000492e-03
0.000000000000000000e+00 5.148099999999999898e-01 6.898410000000000375e-01 8.966999999999999277e-03 5.904000000000000394e-03
0.000000000000000000e+00 5.879079999999999862e-01 7.076550000000000340e-01 7.336999999999999772e-03 6.922000000000000201e-03
1.000000000000000000e+00 5.110729999999999995e-01 6.286640000000000006e-01 4.754999999999999678e-03 1.343600000000000003e-02
1.000000000000000000e+00 5.042119999999999935e-01 6.597110000000000474e-01 5.977999999999999807e-03 1.078999999999999924e-02
1.000000000000000000e+00 5.141299999999999759e-01 6.640880000000000116e-01 6.250000000000000347e-03 1.058599999999999992e-02
1.000000000000000000e+00 5.274459999999999704e-01 5.981269999999999643e-01 4.891000000000000382e-03 1.262199999999999954e-02
1.000000000000000000e+00 5.284649999999999626e-01 5.892709999999999892e-01 9.102999999999999980e-03 7.125000000000000257e-03
1.000000000000000000e+00 5.126359999999999806e-01 5.780739999999999768e-01 4.348000000000000302e-03 1.201100000000000084e-02
0.000000000000000000e+00 5.115490000000000315e-01 5.824510000000000520e-01 8.966999999999999277e-03 6.514999999999999958e-03
0.000000000000000000e+00 5.135189999999999477e-01 5.789900000000000047e-01 7.745000000000000148e-03 6.922000000000000201e-03
1.000000000000000000e+00 5.403529999999999722e-01 5.803139999999999965e-01 7.879999999999999852e-03 8.753999999999999629e-03
0.000000000000000000e+00 5.419840000000000213e-01 5.971090000000000009e-01 4.619999999999999975e-03 1.099299999999999930e-02
1.000000000000000000e+00 5.596470000000000056e-01 5.850980000000000070e-01 7.879999999999999852e-03 8.958000000000000684e-03
1.000000000000000000e+00 5.602580000000000338e-01 6.018930000000000113e-01 7.200999999999999936e-03 6.310999999999999770e-03
1.000000000000000000e+00 5.755430000000000268e-01 5.948700000000000099e-01 5.163000000000000055e-03 1.058599999999999992e-02
1.000000000000000000e+00 5.858700000000000019e-01 6.086120000000000418e-01 7.879999999999999852e-03 7.939999999999999142e-03
0.000000000000000000e+00 6.098510000000000320e-01 6.147190000000000154e-01 3.396999999999999846e-03 1.323299999999999997e-02
0.000000000000000000e+00 5.955160000000000453e-01 5.942589999999999817e-01 4.619999999999999975e-03 1.262199999999999954e-02
1.000000000000000000e+00 5.453799999999999759e-01 6.799669999999999881e-01 4.075999999999999762e-03 1.302900000000000065e-02
1.000000000000000000e+00 5.507469999999999866e-01 6.823090000000000543e-01 8.559999999999999901e-03 8.347000000000000253e-03
1.000000000000000000e+00 6.055030000000000134e-01 6.878049999999999997e-01 7.472999999999999608e-03 1.078999999999999924e-02
1.000000000000000000e+00 5.944970000000000532e-01 7.091819999999999791e-01 5.841999999999999971e-03 1.119700000000000036e-02
0.000000000000000000e+00 6.154889999999999528e-01 7.035829999999999584e-01 4.348000000000000302e-03 1.180800000000000079e-02
1.000000000000000000e+00 6.235730000000000439e-01 6.940150000000000485e-01 9.646999999999999326e-03 6.922000000000000201e-03
1.000000000000000000e+00 6.192260000000000542e-01 6.294790000000000108e-01 5.027000000000000218e-03 1.058599999999999992e-02
1.000000000000000000e+00 7.531930000000000014e-01 6.324309999999999654e-01 4.754999999999999678e-03 1.404700000000000046e-02
0.000000000000000000e+00 6.377040000000000486e-01 6.962540000000000395e-01 3.939999999999999926e-03 1.262199999999999954e-02
0.000000000000000000e+00 6.660329999999999862e-01 6.890269999999999451e-01 4.619999999999999975e-03 1.323299999999999997e-02
0.000000000000000000e+00 7.025820000000000398e-01 6.966609999999999747e-01 5.434999999999999727e-03 9.771999999999999437e-03
0.000000000000000000e+00 6.303670000000000107e-01 6.596090000000000009e-01 3.667999999999999820e-03 1.302900000000000065e-02
0.000000000000000000e+00 6.582879999999999843e-01 6.491249999999999520e-01 8.151999999999999524e-03 8.347000000000000253e-03
0.000000000000000000e+00 6.408970000000000500e-01 5.949710000000000276e-01 8.966999999999999277e-03 3.867999999999999911e-03
1.000000000000000000e+00 6.391299999999999759e-01 6.131919999999999593e-01 6.250000000000000347e-03 1.180800000000000079e-02
0.000000000000000000e+00 6.466030000000000388e-01 6.001630000000000020e-01 6.522000000000000020e-03 7.735999999999999821e-03
0.000000000000000000e+00 6.505429999999999824e-01 5.963969999999999549e-01 8.423999999999999197e-03 6.310999999999999770e-03
1.000000000000000000e+00 6.697689999999999477e-01 6.103420000000000512e-01 5.027000000000000218e-03 1.262199999999999954e-02
0.000000000000000000e+00 6.883829999999999671e-01 5.951750000000000096e-01 5.298999999999999891e-03 1.404700000000000046e-02
1.000000000000000000e+00 5.497959999999999514e-01 5.664700000000000291e-01 3.667999999999999820e-03 1.282600000000000059e-02
0.000000000000000000e+00 5.659650000000000514e-01 5.611770000000000369e-01 7.745000000000000148e-03 6.310999999999999770e-03
0.000000000000000000e+00 6.055709999999999704e-01 5.343040000000000012e-01 8.966999999999999277e-03 1.038299999999999987e-02
0.000000000000000000e+00 6.188860000000000472e-01 5.672840000000000105e-01 5.434999999999999727e-03 1.119700000000000036e-02
1.000000000000000000e+00 5.517659999999999787e-01 4.719059999999999921e-01 7.065000000000000099e-03 1.017900000000000055e-02
1.000000000000000000e+00 5.696329999999999449e-01 4.845280000000000142e-01 7.472999999999999608e-03 1.017900000000000055e-02
1.000000000000000000e+00 5.894700000000000495e-01 4.717020000000000102e-01 7.200999999999999936e-03 9.365000000000000061e-03
1.000000000000000000e+00 5.897419999999999884e-01 4.928750000000000075e-01 5.571000000000000431e-03 1.140099999999999968e-02
1.000000000000000000e+00 6.156249999999999778e-01 5.001020000000000465e-01 4.619999999999999975e-03 1.160399999999999973e-02
1.000000000000000000e+00 6.303670000000000107e-01 5.307410000000000183e-01 8.559999999999999901e-03 6.922000000000000201e-03
1.000000000000000000e+00 6.299590000000000467e-01 5.087540000000000395e-01 4.484000000000000138e-03 1.302900000000000065e-02
0.000000000000000000e+00 6.201769999999999783e-01 4.988799999999999901e-01 6.657999999999999856e-03 8.753999999999999629e-03
0.000000000000000000e+00 6.398099999999999898e-01 5.485550000000000148e-01 3.533000000000000116e-03 1.323299999999999997e-02
0.000000000000000000e+00 6.452449999999999575e-01 5.461120000000000418e-01 9.511000000000000357e-03 5.497000000000000150e-03
1.000000000000000000e+00 5.606659999999999977e-01 5.687090000000000201e-01 3.396999999999999846e-03 1.363999999999999935e-02
1.000000000000000000e+00 6.018339999999999801e-01 4.657979999999999898e-01 2.853000000000000067e-03 1.302900000000000065e-02
1.000000000000000000e+00 6.203800000000000425e-01 4.608099999999999974e-01 2.988999999999999903e-03 1.241899999999999948e-02
1.000000000000000000e+00 6.706520000000000259e-01 5.261599999999999611e-01 4.075999999999999762e-03 1.282600000000000059e-02
1.000000000000000000e+00 6.501360000000000472e-01 4.801509999999999945e-01 4.075999999999999762e-03 1.486200000000000021e-02
1.000000000000000000e+00 6.425950000000000273e-01 4.902279999999999971e-01 8.016000000000000555e-03 1.425099999999999978e-02
1.000000000000000000e+00 6.294840000000000435e-01 4.322070000000000078e-01 4.891000000000000382e-03 1.506500000000000027e-02
1.000000000000000000e+00 6.949729999999999519e-01 4.485950000000000215e-01 7.609000000000000312e-03 1.241899999999999948e-02
0.000000000000000000e+00 5.635869999999999491e-01 4.484929999999999750e-01 9.511000000000000357e-03 5.700000000000000205e-03
1.000000000000000000e+00 5.601899999999999658e-01 4.546009999999999773e-01 1.086999999999999945e-02 1.058599999999999992e-02
1.000000000000000000e+00 5.834920000000000107e-01 4.490020000000000122e-01 7.745000000000000148e-03 1.363999999999999935e-02
0.000000000000000000e+00 5.946329999999999671e-01 4.370930000000000093e-01 6.929000000000000263e-03 1.262199999999999954e-02
0.000000000000000000e+00 7.745239999999999903e-01 7.012420000000000320e-01 5.027000000000000218e-03 1.363999999999999935e-02
1.000000000000000000e+00 6.008149999999999880e-01 5.205619999999999692e-01 5.707000000000000267e-03 1.180800000000000079e-02
