3.700000000000000000e+01 3.000000000000000000e+00
1.070000000000000000e+02 4.200000000000000000e+01
3.200000000000000000e+01 6.000000000000000000e+01
4.200000000000000000e+01 1.280000000000000000e+02
1.500000000000000000e+02 4.200000000000000000e+01
1.390000000000000000e+02 7.100000000000000000e+01
1.640000000000000000e+02 8.400000000000000000e+01
2.210000000000000000e+02 6.000000000000000000e+01
2.210000000000000000e+02 7.100000000000000000e+01
2.140000000000000000e+02 9.600000000000000000e+01
2.640000000000000000e+02 8.700000000000000000e+01
2.940000000000000000e+02 1.200000000000000000e+02
2.270000000000000000e+02 1.790000000000000000e+02
2.090000000000000000e+02 1.840000000000000000e+02
1.750000000000000000e+02 1.460000000000000000e+02
1.300000000000000000e+02 9.300000000000000000e+01
1.320000000000000000e+02 2.250000000000000000e+02
1.140000000000000000e+02 1.860000000000000000e+02
9.100000000000000000e+01 2.180000000000000000e+02
2.620000000000000000e+02 2.430000000000000000e+02
2.910000000000000000e+02 3.290000000000000000e+02
2.140000000000000000e+02 3.600000000000000000e+02
1.570000000000000000e+02 3.740000000000000000e+02
1.680000000000000000e+02 3.060000000000000000e+02
8.900000000000000000e+01 3.950000000000000000e+02
0.000000000000000000e+00 4.600000000000000000e+02
5.500000000000000000e+02 3.850000000000000000e+02
5.220000000000000000e+02 3.810000000000000000e+02
4.790000000000000000e+02 3.610000000000000000e+02
4.160000000000000000e+02 4.080000000000000000e+02
4.140000000000000000e+02 3.990000000000000000e+02
3.780000000000000000e+02 3.860000000000000000e+02
4.460000000000000000e+02 3.580000000000000000e+02
4.550000000000000000e+02 3.580000000000000000e+02
5.270000000000000000e+02 3.270000000000000000e+02
5.070000000000000000e+02 3.060000000000000000e+02
5.040000000000000000e+02 2.860000000000000000e+02
4.450000000000000000e+02 2.540000000000000000e+02
3.870000000000000000e+02 2.430000000000000000e+02
3.800000000000000000e+02 2.040000000000000000e+02
4.340000000000000000e+02 2.160000000000000000e+02
3.910000000000000000e+02 1.140000000000000000e+02
4.680000000000000000e+02 1.590000000000000000e+02
6.290000000000000000e+02 1.390000000000000000e+02
5.180000000000000000e+02 5.000000000000000000e+00
