1.000000000000000000e+00 7.370240000000000125e-01 6.041330000000000311e-01 5.571000000000000431e-03 1.160399999999999973e-02
0.000000000000000000e+00 7.400820000000000176e-01 6.191980000000000262e-01 8.696000000000000604e-03 7.532999999999999766e-03
0.000000000000000000e+00 7.370919999999999694e-01 6.244910000000000183e-01 5.434999999999999727e-03 1.201100000000000084e-02
0.000000000000000000e+00 7.341029999999999500e-01 6.239820000000000366e-01 5.163000000000000055e-03 1.099299999999999930e-02
0.000000000000000000e+00 7.419839999999999769e-01 6.537049999999999805e-01 4.619999999999999975e-03 1.302900000000000065e-02
1.000000000000000000e+00 7.266299999999999981e-01 6.428139999999999965e-01 3.261000000000000010e-03 1.404700000000000046e-02
1.000000000000000000e+00 7.244570000000000176e-01 6.333469999999999933e-01 4.619999999999999975e-03 1.506500000000000027e-02
1.000000000000000000e+00 7.290079999999999893e-01 6.615429999999999922e-01 6.657999999999999856e-03 1.404700000000000046e-02
1.000000000000000000e+00 7.235049999999999537e-01 6.734529999999999683e-01 6.522000000000000020e-03 1.058599999999999992e-02
0.000000000000000000e+00 7.243889999999999496e-01 6.677520000000000122e-01 8.831999999999999573e-03 6.514999999999999958e-03
0.000000000000000000e+00 7.165759999999999907e-01 6.613400000000000389e-01 8.151999999999999524e-03 8.347000000000000253e-03
0.000000000000000000e+00 6.900819999999999732e-01 6.623569999999999736e-01 4.075999999999999762e-03 1.201100000000000084e-02
1.000000000000000000e+00 7.026489999999999680e-01 6.561479999999999535e-01 6.929000000000000263e-03 7.735999999999999821e-03
1.000000000000000000e+00 7.050950000000000273e-01 6.516690000000000538e-01 8.288000000000000228e-03 7.328999999999999578e-03
0.000000000000000000e+00 7.163040000000000518e-01 6.445440000000000058e-01 4.348000000000000302e-03 1.384400000000000040e-02
1.000000000000000000e+00 7.129079999999999862e-01 6.555370000000000363e-01 7.336999999999999772e-03 9.771999999999999437e-03
1.000000000000000000e+00 6.961279999999999690e-01 6.561479999999999535e-01 6.113999999999999643e-03 1.099299999999999930e-02
0.000000000000000000e+00 6.951089999999999769e-01 6.488190000000000346e-01 5.707000000000000267e-03 1.140099999999999968e-02
1.000000000000000000e+00 6.915080000000000116e-01 6.332449999999999468e-01 5.571000000000000431e-03 1.486200000000000021e-02
0.000000000000000000e+00 6.800270000000000481e-01 6.753869999999999596e-01 6.250000000000000347e-03 1.119700000000000036e-02
1.000000000000000000e+00 6.762230000000000185e-01 6.737579999999999680e-01 4.348000000000000302e-03 1.241899999999999948e-02
0.000000000000000000e+00 6.703799999999999759e-01 6.904519999999999547e-01 6.793000000000000427e-03 1.486200000000000021e-02
1.000000000000000000e+00 6.825409999999999533e-01 5.993490000000000206e-01 8.559999999999999901e-03 8.958000000000000684e-03
1.000000000000000000e+00 6.954479999999999551e-01 5.626020000000000465e-01 9.374999999999999653e-03 9.161000000000000740e-03
1.000000000000000000e+00 6.567929999999999602e-01 5.700330000000000119e-01 1.032600000000000011e-02 6.106999999999999582e-03
1.000000000000000000e+00 6.505429999999999824e-01 6.687699999999999756e-01 8.151999999999999524e-03 1.099299999999999930e-02
0.000000000000000000e+00 6.394020000000000259e-01 6.871950000000000003e-01 5.977999999999999807e-03 1.201100000000000084e-02
0.000000000000000000e+00 6.424590000000000023e-01 6.934040000000000203e-01 3.667999999999999820e-03 1.180800000000000079e-02
1.000000000000000000e+00 6.451090000000000435e-01 6.830209999999999892e-01 3.533000000000000116e-03 1.465799999999999916e-02
0.000000000000000000e+00 6.321329999999999449e-01 6.764050000000000340e-01 5.298999999999999891e-03 1.526899999999999959e-02
0.000000000000000000e+00 6.378399999999999626e-01 6.728420000000000512e-01 6.657999999999999856e-03 1.221500000000000016e-02
1.000000000000000000e+00 6.355979999999999963e-01 6.732489999999999863e-01 7.065000000000000099e-03 8.550000000000000308e-03
1.000000000000000000e+00 6.356659999999999533e-01 6.698899999999999855e-01 8.288000000000000228e-03 5.497000000000000150e-03
0.000000000000000000e+00 6.174589999999999801e-01 6.514659999999999895e-01 9.646999999999999326e-03 3.664000000000000156e-03
0.000000000000000000e+00 6.199729999999999963e-01 6.486159999999999703e-01 9.783000000000000029e-03 6.106999999999999582e-03
0.000000000000000000e+00 6.103939999999999921e-01 6.643930000000000113e-01 5.571000000000000431e-03 1.038299999999999987e-02
0.000000000000000000e+00 6.219430000000000236e-01 6.696860000000000035e-01 6.386000000000000183e-03 7.939999999999999142e-03
0.000000000000000000e+00 6.070649999999999658e-01 6.746739999999999959e-01 9.239000000000000684e-03 6.106999999999999582e-03
0.000000000000000000e+00 6.137230000000000185e-01 6.894339999999999913e-01 4.075999999999999762e-03 1.608300000000000007e-02
0.000000000000000000e+00 6.111410000000000453e-01 6.888229999999999631e-01 3.804000000000000090e-03 1.689699999999999883e-02
1.000000000000000000e+00 5.707200000000000051e-01 6.870929999999999538e-01 1.073400000000000049e-02 8.142999999999999197e-03
0.000000000000000000e+00 5.760870000000000157e-01 6.808840000000000447e-01 3.804000000000000090e-03 1.608300000000000007e-02
1.000000000000000000e+00 5.671199999999999575e-01 6.730460000000000331e-01 5.163000000000000055e-03 1.384400000000000040e-02
0.000000000000000000e+00 5.582200000000000495e-01 6.671420000000000128e-01 6.929000000000000263e-03 8.958000000000000684e-03
1.000000000000000000e+00 5.503400000000000514e-01 6.385380000000000500e-01 5.571000000000000431e-03 1.078999999999999924e-02
0.000000000000000000e+00 5.343069999999999764e-01 6.723329999999999584e-01 6.929000000000000263e-03 9.161000000000000740e-03
1.000000000000000000e+00 5.265630000000000033e-01 6.734529999999999683e-01 8.016000000000000555e-03 4.885999999999999718e-03
0.000000000000000000e+00 5.297549999999999759e-01 6.551299999999999901e-01 8.423999999999999197e-03 1.099299999999999930e-02
0.000000000000000000e+00 5.072689999999999699e-01 6.577769999999999451e-01 9.374999999999999653e-03 6.106999999999999582e-03
1.000000000000000000e+00 5.150139999999999718e-01 6.930990000000000206e-01 8.288000000000000228e-03 7.532999999999999766e-03
1.000000000000000000e+00 5.103940000000000143e-01 6.871950000000000003e-01 3.125000000000000173e-03 1.241899999999999948e-02
0.000000000000000000e+00 5.124319999999999986e-01 6.870929999999999538e-01 3.667999999999999820e-03 1.343600000000000003e-02
1.000000000000000000e+00 6.023100000000000120e-01 6.006719999999999837e-01 4.348000000000000302e-03 1.201100000000000084e-02
1.000000000000000000e+00 6.075409999999999977e-01 5.696250000000000480e-01 8.288000000000000228e-03 1.058599999999999992e-02
1.000000000000000000e+00 6.089670000000000361e-01 5.555780000000000163e-01 5.434999999999999727e-03 1.343600000000000003e-02
0.000000000000000000e+00 5.787360000000000282e-01 5.660629999999999828e-01 5.298999999999999891e-03 1.404700000000000046e-02
0.000000000000000000e+00 5.722829999999999862e-01 5.655540000000000012e-01 7.065000000000000099e-03 1.099299999999999930e-02
0.000000000000000000e+00 7.159649999999999626e-01 4.366860000000000186e-01 3.939999999999999926e-03 1.506500000000000027e-02
0.000000000000000000e+00 7.040079999999999671e-01 4.467630000000000212e-01 5.571000000000000431e-03 1.323299999999999997e-02
1.000000000000000000e+00 6.939539999999999598e-01 4.382130000000000192e-01 6.386000000000000183e-03 1.201100000000000084e-02
1.000000000000000000e+00 6.644020000000000481e-01 4.266079999999999872e-01 7.065000000000000099e-03 1.282600000000000059e-02
1.000000000000000000e+00 6.524459999999999704e-01 4.505290000000000128e-01 8.966999999999999277e-03 9.365000000000000061e-03
1.000000000000000000e+00 6.941580000000000528e-01 4.892099999999999782e-01 4.075999999999999762e-03 1.262199999999999954e-02
0.000000000000000000e+00 6.662360000000000504e-01 5.146579999999999488e-01 1.018999999999999941e-02 4.479000000000000342e-03
1.000000000000000000e+00 6.490489999999999871e-01 5.105859999999999843e-01 8.696000000000000604e-03 1.099299999999999930e-02
1.000000000000000000e+00 6.565900000000000070e-01 4.931800000000000073e-01 8.559999999999999901e-03 3.867999999999999911e-03
0.000000000000000000e+00 6.547549999999999759e-01 4.812699999999999756e-01 9.511000000000000357e-03 8.550000000000000308e-03
1.000000000000000000e+00 6.439540000000000264e-01 4.688519999999999910e-01 3.667999999999999820e-03 1.628699999999999939e-02
1.000000000000000000e+00 6.389949999999999797e-01 4.695639999999999814e-01 7.609000000000000312e-03 9.161000000000000740e-03
1.000000000000000000e+00 6.277169999999999694e-01 4.599960000000000160e-01 6.522000000000000020e-03 1.078999999999999924e-02
1.000000000000000000e+00 6.185460000000000402e-01 4.981679999999999997e-01 5.027000000000000218e-03 1.099299999999999930e-02
0.000000000000000000e+00 6.204479999999999995e-01 5.045809999999999462e-01 8.016000000000000555e-03 9.161000000000000740e-03
0.000000000000000000e+00 6.145380000000000287e-01 5.296210000000000084e-01 6.522000000000000020e-03 1.201100000000000084e-02
1.000000000000000000e+00 5.828119999999999967e-01 5.397999999999999465e-01 4.211999999999999598e-03 1.363999999999999935e-02
0.000000000000000000e+00 5.781250000000000000e-01 5.389859999999999651e-01 1.005400000000000044e-02 6.718000000000000013e-03
1.000000000000000000e+00 5.729619999999999713e-01 5.489619999999999500e-01 4.348000000000000302e-03 1.404700000000000046e-02
1.000000000000000000e+00 5.455160000000000009e-01 5.524229999999999974e-01 8.696000000000000604e-03 6.718000000000000013e-03
0.000000000000000000e+00 5.863450000000000051e-01 4.982699999999999907e-01 6.657999999999999856e-03 1.282600000000000059e-02
1.000000000000000000e+00 5.906249999999999556e-01 4.743490000000000206e-01 7.065000000000000099e-03 1.017900000000000055e-02
0.000000000000000000e+00 5.805029999999999912e-01 4.798450000000000215e-01 8.016000000000000555e-03 6.514999999999999958e-03
1.000000000000000000e+00 5.794839999999999991e-01 4.763839999999999741e-01 8.423999999999999197e-03 6.922000000000000201e-03
0.000000000000000000e+00 5.921870000000000189e-01 4.632530000000000259e-01 3.125000000000000173e-03 1.119700000000000036e-02
0.000000000000000000e+00 5.838320000000000176e-01 4.465589999999999837e-01 8.151999999999999524e-03 9.568000000000000116e-03
0.000000000000000000e+00 5.717389999999999972e-01 4.639659999999999895e-01 4.891000000000000382e-03 1.262199999999999954e-02
0.000000000000000000e+00 5.720790000000000042e-01 4.533789999999999765e-01 9.374999999999999653e-03 8.142999999999999197e-03
1.000000000000000000e+00 5.605980000000000407e-01 4.551100000000000145e-01 5.163000000000000055e-03 1.363999999999999935e-02
1.000000000000000000e+00 5.473510000000000320e-01 4.719059999999999921e-01 9.102999999999999980e-03 4.072000000000000099e-03
1.000000000000000000e+00 5.438859999999999806e-01 4.737379999999999924e-01 7.609000000000000312e-03 7.735999999999999821e-03
1.000000000000000000e+00 5.466710000000000180e-01 4.963359999999999994e-01 4.211999999999999598e-03 1.465799999999999916e-02
1.000000000000000000e+00 5.273099999999999454e-01 4.651870000000000172e-01 5.707000000000000267e-03 1.506500000000000027e-02
1.000000000000000000e+00 5.125680000000000236e-01 4.833060000000000134e-01 5.027000000000000218e-03 1.628699999999999939e-02
1.000000000000000000e+00 4.942259999999999986e-01 4.820849999999999858e-01 6.929000000000000263e-03 1.180800000000000079e-02
0.000000000000000000e+00 4.905570000000000208e-01 4.745519999999999738e-01 9.102999999999999980e-03 6.514999999999999958e-03
1.000000000000000000e+00 4.788720000000000199e-01 5.607699999999999907e-01 1.073400000000000049e-02 5.904000000000000394e-03
1.000000000000000000e+00 6.157610000000000028e-01 4.313930000000000264e-01 8.423999999999999197e-03 1.099299999999999930e-02
0.000000000000000000e+00 6.136549999999999505e-01 4.346499999999999808e-01 8.559999999999999901e-03 9.365000000000000061e-03
1.000000000000000000e+00 6.235730000000000439e-01 4.353620000000000267e-01 8.831999999999999573e-03 8.347000000000000253e-03
0.000000000000000000e+00 6.144699999999999607e-01 4.388230000000000186e-01 9.917999999999999733e-03 6.718000000000000013e-03
1.000000000000000000e+00 6.042119999999999713e-01 4.429969999999999741e-01 8.696000000000000604e-03 1.058599999999999992e-02
0.000000000000000000e+00 5.940900000000000070e-01 4.221289999999999765e-01 5.571000000000000431e-03 1.160399999999999973e-02
1.000000000000000000e+00 6.008149999999999880e-01 4.024840000000000084e-01 9.239000000000000684e-03 6.514999999999999958e-03
1.000000000000000000e+00 5.929349999999999898e-01 4.154109999999999747e-01 8.966999999999999277e-03 7.532999999999999766e-03
1.000000000000000000e+00 5.872279999999999722e-01 4.176509999999999945e-01 3.804000000000000090e-03 1.201100000000000084e-02
1.000000000000000000e+00 5.855299999999999949e-01 4.104229999999999823e-01 5.841999999999999971e-03 1.180800000000000079e-02
1.000000000000000000e+00 5.646060000000000523e-01 4.251829999999999776e-01 8.288000000000000228e-03 6.310999999999999770e-03
1.000000000000000000e+00 5.234379999999999589e-01 4.224350000000000049e-01 5.571000000000000431e-03 1.384400000000000040e-02
1.000000000000000000e+00 5.074049999999999949e-01 4.069630000000000192e-01 6.657999999999999856e-03 1.180800000000000079e-02
0.000000000000000000e+00 6.266979999999999773e-01 3.332649999999999779e-01 9.374999999999999653e-03 6.106999999999999582e-03
0.000000000000000000e+00 4.997960000000000180e-01 3.656349999999999878e-01 5.571000000000000431e-03 1.140099999999999968e-02
0.000000000000000000e+00 5.121599999999999486e-01 2.925490000000000035e-01 8.288000000000000228e-03 1.180800000000000079e-02
0.000000000000000000e+00 4.703129999999999811e-01 2.382940000000000058e-01 6.113999999999999643e-03 1.649000000000000118e-02
0.000000000000000000e+00 4.741850000000000231e-01 4.306800000000000073e-01 7.879999999999999852e-03 1.282600000000000059e-02
0.000000000000000000e+00 4.761549999999999949e-01 4.071659999999999724e-01 5.298999999999999891e-03 1.384400000000000040e-02
1.000000000000000000e+00 4.618889999999999940e-01 4.262009999999999965e-01 1.018999999999999941e-02 5.089999999999999906e-03
1.000000000000000000e+00 4.531930000000000125e-01 4.140880000000000116e-01 8.288000000000000228e-03 7.735999999999999821e-03
1.000000000000000000e+00 6.923909999999999787e-01 3.839580000000000215e-01 7.609000000000000312e-03 8.550000000000000308e-03
1.000000000000000000e+00 4.868890000000000162e-01 6.905540000000000012e-01 3.667999999999999820e-03 1.302900000000000065e-02
1.000000000000000000e+00 4.883830000000000116e-01 6.636809999999999654e-01 8.016000000000000555e-03 1.140099999999999968e-02
0.000000000000000000e+00 4.830840000000000134e-01 6.658180000000000209e-01 8.559999999999999901e-03 7.125000000000000257e-03
0.000000000000000000e+00 4.764269999999999894e-01 6.642919999999999936e-01 6.657999999999999856e-03 1.180800000000000079e-02
0.000000000000000000e+00 4.716710000000000069e-01 6.679559999999999942e-01 5.298999999999999891e-03 1.384400000000000040e-02
0.000000000000000000e+00 4.900140000000000051e-01 6.147190000000000154e-01 7.745000000000000148e-03 7.939999999999999142e-03
1.000000000000000000e+00 5.014269999999999561e-01 5.835709999999999509e-01 7.472999999999999608e-03 1.038299999999999987e-02
1.000000000000000000e+00 4.569289999999999741e-01 5.861159999999999703e-01 7.065000000000000099e-03 9.771999999999999437e-03
0.000000000000000000e+00 4.794840000000000213e-01 6.256110000000000282e-01 8.696000000000000604e-03 1.140099999999999968e-02
0.000000000000000000e+00 4.812500000000000111e-01 6.401670000000000416e-01 6.793000000000000427e-03 1.201100000000000084e-02
0.000000000000000000e+00 4.739129999999999732e-01 6.433219999999999494e-01 7.609000000000000312e-03 9.365000000000000061e-03
0.000000000000000000e+00 4.718069999999999764e-01 6.360949999999999660e-01 9.646999999999999326e-03 1.119700000000000036e-02
0.000000000000000000e+00 4.603940000000000254e-01 6.297840000000000105e-01 7.472999999999999608e-03 1.282600000000000059e-02
0.000000000000000000e+00 4.176630000000000065e-01 5.934450000000000003e-01 5.977999999999999807e-03 9.771999999999999437e-03
0.000000000000000000e+00 4.123640000000000083e-01 5.895770000000000177e-01 4.891000000000000382e-03 1.302900000000000065e-02
0.000000000000000000e+00 4.098510000000000209e-01 5.912049999999999805e-01 5.571000000000000431e-03 1.302900000000000065e-02
0.000000000000000000e+00 3.999320000000000097e-01 5.938520000000000465e-01 4.484000000000000138e-03 1.343600000000000003e-02
1.000000000000000000e+00 4.013590000000000213e-01 5.735949999999999660e-01 7.609000000000000312e-03 7.532999999999999766e-03
0.000000000000000000e+00 3.851899999999999769e-01 6.342630000000000212e-01 7.336999999999999772e-03 1.445399999999999983e-02
0.000000000000000000e+00 3.955159999999999787e-01 6.613400000000000389e-01 9.511000000000000357e-03 6.718000000000000013e-03
1.000000000000000000e+00 3.871600000000000041e-01 6.586929999999999730e-01 8.559999999999999901e-03 6.310999999999999770e-03
1.000000000000000000e+00 4.546200000000000241e-01 6.582860000000000378e-01 8.696000000000000604e-03 8.347000000000000253e-03
1.000000000000000000e+00 4.530569999999999875e-01 6.453579999999999872e-01 7.745000000000000148e-03 1.099299999999999930e-02
1.000000000000000000e+00 4.476220000000000199e-01 6.541120000000000267e-01 8.016000000000000555e-03 5.700000000000000205e-03
1.000000000000000000e+00 4.591029999999999833e-01 6.793569999999999887e-01 5.163000000000000055e-03 1.099299999999999930e-02
1.000000000000000000e+00 4.516979999999999884e-01 6.865839999999999721e-01 8.288000000000000228e-03 8.347000000000000253e-03
1.000000000000000000e+00 4.324049999999999838e-01 6.913679999999999826e-01 3.667999999999999820e-03 1.302900000000000065e-02
1.000000000000000000e+00 4.423909999999999787e-01 6.734529999999999683e-01 4.619999999999999975e-03 1.140099999999999968e-02
0.000000000000000000e+00 4.388589999999999991e-01 6.699920000000000320e-01 2.988999999999999903e-03 1.099299999999999930e-02
0.000000000000000000e+00 4.334239999999999760e-01 6.718239999999999768e-01 3.804000000000000090e-03 1.465799999999999916e-02
1.000000000000000000e+00 4.514949999999999797e-01 6.982899999999999663e-01 5.977999999999999807e-03 1.425099999999999978e-02
1.000000000000000000e+00 4.252719999999999834e-01 6.777279999999999971e-01 9.239000000000000684e-03 4.479000000000000342e-03
0.000000000000000000e+00 4.240490000000000093e-01 6.722310000000000230e-01 7.065000000000000099e-03 8.958000000000000684e-03
1.000000000000000000e+00 4.139950000000000019e-01 6.999189999999999579e-01 4.891000000000000382e-03 1.017900000000000055e-02
1.000000000000000000e+00 4.007470000000000199e-01 6.768119999999999692e-01 9.374999999999999653e-03 6.718000000000000013e-03
0.000000000000000000e+00 3.925270000000000148e-01 6.975770000000000026e-01 5.707000000000000267e-03 1.241899999999999948e-02
0.000000000000000000e+00 3.920520000000000116e-01 6.665309999999999846e-01 4.211999999999999598e-03 1.262199999999999954e-02
0.000000000000000000e+00 3.468749999999999889e-01 6.778300000000000436e-01 9.783000000000000029e-03 7.532999999999999766e-03
1.000000000000000000e+00 3.451089999999999991e-01 6.726379999999999582e-01 9.783000000000000029e-03 6.514999999999999958e-03
0.000000000000000000e+00 3.214670000000000027e-01 6.100370000000000514e-01 5.977999999999999807e-03 1.241899999999999948e-02
0.000000000000000000e+00 2.992529999999999912e-01 6.452569999999999695e-01 6.113999999999999643e-03 1.323299999999999997e-02
0.000000000000000000e+00 3.296200000000000241e-01 5.495719999999999494e-01 3.804000000000000090e-03 1.363999999999999935e-02
1.000000000000000000e+00 4.420520000000000005e-01 5.318610000000000282e-01 3.939999999999999926e-03 1.282600000000000059e-02
1.000000000000000000e+00 4.561819999999999764e-01 5.112989999999999480e-01 7.745000000000000148e-03 7.532999999999999766e-03
1.000000000000000000e+00 4.175949999999999940e-01 4.676299999999999901e-01 6.929000000000000263e-03 1.099299999999999930e-02
1.000000000000000000e+00 4.061139999999999750e-01 4.625409999999999799e-01 8.696000000000000604e-03 6.106999999999999582e-03
0.000000000000000000e+00 3.692259999999999986e-01 4.174470000000000125e-01 6.929000000000000263e-03 1.241899999999999948e-02
0.000000000000000000e+00 3.493209999999999926e-01 4.217219999999999858e-01 7.609000000000000312e-03 1.078999999999999924e-02
1.000000000000000000e+00 3.587640000000000273e-01 3.626829999999999776e-01 5.571000000000000431e-03 1.486200000000000021e-02
1.000000000000000000e+00 3.321330000000000116e-01 3.122960000000000180e-01 6.929000000000000263e-03 1.140099999999999968e-02
1.000000000000000000e+00 2.707879999999999732e-01 3.118890000000000273e-01 6.793000000000000427e-03 1.058599999999999992e-02
