2.060000000000000000e+02 2.000000000000000000e+00
3.100000000000000000e+01 5.500000000000000000e+01
6.300000000000000000e+01 7.100000000000000000e+01
1.950000000000000000e+02 1.760000000000000000e+02
1.660000000000000000e+02 1.810000000000000000e+02
1.290000000000000000e+02 1.550000000000000000e+02
3.590000000000000000e+02 1.390000000000000000e+02
3.780000000000000000e+02 9.200000000000000000e+01
2.930000000000000000e+02 4.700000000000000000e+01
2.640000000000000000e+02 1.000000000000000000e+01
1.580000000000000000e+02 9.700000000000000000e+01
9.500000000000000000e+01 1.790000000000000000e+02
5.470000000000000000e+02 1.740000000000000000e+02
4.460000000000000000e+02 2.000000000000000000e+02
4.010000000000000000e+02 1.210000000000000000e+02
3.490000000000000000e+02 1.870000000000000000e+02
3.640000000000000000e+02 1.970000000000000000e+02
2.590000000000000000e+02 1.500000000000000000e+02
2.350000000000000000e+02 1.600000000000000000e+02
2.590000000000000000e+02 1.760000000000000000e+02
2.720000000000000000e+02 1.680000000000000000e+02
1.710000000000000000e+02 2.840000000000000000e+02
3.100000000000000000e+01 1.210000000000000000e+02
5.500000000000000000e+01 1.210000000000000000e+02
2.600000000000000000e+01 2.550000000000000000e+02
7.400000000000000000e+01 2.710000000000000000e+02
1.030000000000000000e+02 2.550000000000000000e+02
2.060000000000000000e+02 2.340000000000000000e+02
1.690000000000000000e+02 2.500000000000000000e+02
8.700000000000000000e+01 2.290000000000000000e+02
1.000000000000000000e+02 2.260000000000000000e+02
2.190000000000000000e+02 3.270000000000000000e+02
3.490000000000000000e+02 3.660000000000000000e+02
2.880000000000000000e+02 4.110000000000000000e+02
2.450000000000000000e+02 4.240000000000000000e+02
4.010000000000000000e+02 4.000000000000000000e+02
4.940000000000000000e+02 4.110000000000000000e+02
4.090000000000000000e+02 4.530000000000000000e+02
2.300000000000000000e+01 3.690000000000000000e+02
2.300000000000000000e+01 4.640000000000000000e+02
