1.000000000000000000e+00 3.305710000000000037e-01 6.403710000000000235e-01 4.891000000000000382e-03 1.241899999999999948e-02
1.000000000000000000e+00 3.057070000000000065e-01 6.271379999999999733e-01 5.163000000000000055e-03 1.323299999999999997e-02
1.000000000000000000e+00 3.354619999999999824e-01 6.735550000000000148e-01 7.336999999999999772e-03 1.323299999999999997e-02
0.000000000000000000e+00 3.129080000000000195e-01 6.725370000000000514e-01 1.114099999999999986e-02 7.939999999999999142e-03
1.000000000000000000e+00 2.788039999999999963e-01 6.386399999999999855e-01 1.059799999999999978e-02 8.142999999999999197e-03
1.000000000000000000e+00 2.370240000000000125e-01 6.572679999999999634e-01 4.484000000000000138e-03 1.649000000000000118e-02
1.000000000000000000e+00 3.650140000000000051e-01 6.274429999999999730e-01 6.657999999999999856e-03 7.328999999999999578e-03
1.000000000000000000e+00 3.003399999999999959e-01 5.927320000000000366e-01 5.571000000000000431e-03 1.608300000000000007e-02
1.000000000000000000e+00 3.066579999999999862e-01 5.653500000000000192e-01 4.891000000000000382e-03 1.221500000000000016e-02
0.000000000000000000e+00 2.782609999999999806e-01 5.428539999999999477e-01 8.966999999999999277e-03 1.038299999999999987e-02
0.000000000000000000e+00 2.997279999999999944e-01 5.307410000000000183e-01 7.609000000000000312e-03 9.771999999999999437e-03
0.000000000000000000e+00 3.146059999999999968e-01 6.109529999999999683e-01 6.386000000000000183e-03 1.017900000000000055e-02
0.000000000000000000e+00 3.381109999999999949e-01 5.519140000000000157e-01 6.929000000000000263e-03 1.465799999999999916e-02
0.000000000000000000e+00 3.624999999999999889e-01 6.657170000000000032e-01 5.977999999999999807e-03 1.221500000000000016e-02
1.000000000000000000e+00 2.225540000000000018e-01 5.350160000000000471e-01 6.522000000000000020e-03 7.328999999999999578e-03
1.000000000000000000e+00 2.296870000000000023e-01 4.988799999999999901e-01 5.571000000000000431e-03 1.241899999999999948e-02
1.000000000000000000e+00 2.769699999999999940e-01 4.932819999999999983e-01 9.646999999999999326e-03 5.292999999999999962e-03
1.000000000000000000e+00 3.038719999999999755e-01 5.135380000000000500e-01 5.298999999999999891e-03 1.363999999999999935e-02
1.000000000000000000e+00 3.084239999999999760e-01 5.212740000000000151e-01 7.065000000000000099e-03 1.119700000000000036e-02
1.000000000000000000e+00 3.299590000000000023e-01 4.961320000000000174e-01 7.472999999999999608e-03 8.142999999999999197e-03
1.000000000000000000e+00 2.851219999999999866e-01 4.497149999999999759e-01 5.841999999999999971e-03 1.221500000000000016e-02
0.000000000000000000e+00 2.899459999999999815e-01 4.732290000000000108e-01 6.793000000000000427e-03 1.078999999999999924e-02
1.000000000000000000e+00 2.693610000000000171e-01 4.928750000000000075e-01 6.657999999999999856e-03 7.328999999999999578e-03
1.000000000000000000e+00 3.502040000000000153e-01 5.512010000000000520e-01 4.484000000000000138e-03 1.363999999999999935e-02
1.000000000000000000e+00 3.576090000000000102e-01 5.373569999999999736e-01 2.988999999999999903e-03 1.608300000000000007e-02
1.000000000000000000e+00 3.616170000000000218e-01 5.465189999999999770e-01 7.472999999999999608e-03 1.160399999999999973e-02
1.000000000000000000e+00 3.622960000000000069e-01 5.399019999999999930e-01 8.831999999999999573e-03 1.180800000000000079e-02
1.000000000000000000e+00 3.503399999999999848e-01 5.067180000000000017e-01 8.831999999999999573e-03 1.017900000000000055e-02
1.000000000000000000e+00 3.211959999999999815e-01 4.935869999999999980e-01 7.609000000000000312e-03 1.119700000000000036e-02
1.000000000000000000e+00 3.273099999999999898e-01 4.792350000000000221e-01 7.609000000000000312e-03 1.058599999999999992e-02
0.000000000000000000e+00 3.593750000000000000e-01 4.798450000000000215e-01 8.423999999999999197e-03 8.142999999999999197e-03
0.000000000000000000e+00 3.720109999999999806e-01 4.687500000000000000e-01 6.522000000000000020e-03 8.753999999999999629e-03
0.000000000000000000e+00 3.794839999999999880e-01 4.434040000000000203e-01 4.348000000000000302e-03 1.262199999999999954e-02
0.000000000000000000e+00 3.716030000000000166e-01 4.186690000000000134e-01 6.522000000000000020e-03 1.323299999999999997e-02
1.000000000000000000e+00 3.359380000000000144e-01 4.446249999999999925e-01 8.288000000000000228e-03 1.017900000000000055e-02
1.000000000000000000e+00 3.170520000000000005e-01 4.401470000000000105e-01 6.929000000000000263e-03 1.140099999999999968e-02
1.000000000000000000e+00 3.117530000000000023e-01 4.232489999999999863e-01 4.754999999999999678e-03 1.384400000000000040e-02
0.000000000000000000e+00 2.848510000000000209e-01 4.298660000000000259e-01 9.102999999999999980e-03 8.347000000000000253e-03
0.000000000000000000e+00 3.171880000000000255e-01 4.125610000000000110e-01 6.657999999999999856e-03 1.241899999999999948e-02
0.000000000000000000e+00 3.395380000000000065e-01 4.293569999999999887e-01 7.879999999999999852e-03 1.221500000000000016e-02
0.000000000000000000e+00 3.330159999999999787e-01 3.956640000000000157e-01 1.086999999999999945e-02 7.939999999999999142e-03
1.000000000000000000e+00 3.215350000000000152e-01 3.688930000000000264e-01 8.016000000000000555e-03 9.365000000000000061e-03
0.000000000000000000e+00 2.862089999999999912e-01 3.687909999999999799e-01 9.102999999999999980e-03 9.976000000000000492e-03
0.000000000000000000e+00 2.430710000000000093e-01 3.625809999999999866e-01 7.609000000000000312e-03 1.221500000000000016e-02
1.000000000000000000e+00 2.913040000000000074e-01 3.545400000000000218e-01 4.891000000000000382e-03 1.323299999999999997e-02
0.000000000000000000e+00 3.329480000000000217e-01 3.451750000000000096e-01 3.939999999999999926e-03 1.486200000000000021e-02
0.000000000000000000e+00 3.471469999999999834e-01 3.673660000000000259e-01 4.891000000000000382e-03 1.486200000000000021e-02
0.000000000000000000e+00 3.644700000000000162e-01 3.497560000000000113e-01 6.929000000000000263e-03 1.058599999999999992e-02
0.000000000000000000e+00 3.436819999999999875e-01 3.473129999999999828e-01 8.559999999999999901e-03 5.700000000000000205e-03
1.000000000000000000e+00 3.523780000000000245e-01 3.191160000000000108e-01 5.298999999999999891e-03 1.486200000000000021e-02
1.000000000000000000e+00 3.385190000000000143e-01 3.306189999999999962e-01 5.841999999999999971e-03 1.140099999999999968e-02
1.000000000000000000e+00 3.426629999999999954e-01 3.438519999999999910e-01 6.522000000000000020e-03 1.017900000000000055e-02
1.000000000000000000e+00 3.552989999999999760e-01 3.405940000000000079e-01 7.879999999999999852e-03 6.922000000000000201e-03
1.000000000000000000e+00 3.684100000000000152e-01 4.622350000000000070e-01 5.298999999999999891e-03 1.038299999999999987e-02
1.000000000000000000e+00 4.824049999999999727e-01 1.778299999999999881e-01 8.831999999999999573e-03 7.532999999999999766e-03
0.000000000000000000e+00 4.741170000000000107e-01 1.849550000000000083e-01 9.374999999999999653e-03 6.718000000000000013e-03
1.000000000000000000e+00 4.662359999999999838e-01 2.206839999999999913e-01 5.571000000000000431e-03 1.628699999999999939e-02
1.000000000000000000e+00 4.495919999999999916e-01 2.535629999999999828e-01 9.239000000000000684e-03 9.568000000000000116e-03
1.000000000000000000e+00 4.239129999999999843e-01 2.970280000000000142e-01 9.511000000000000357e-03 6.922000000000000201e-03
1.000000000000000000e+00 4.016299999999999870e-01 2.886810000000000209e-01 9.783000000000000029e-03 9.365000000000000061e-03
1.000000000000000000e+00 4.072689999999999921e-01 2.781959999999999988e-01 8.288000000000000228e-03 8.347000000000000253e-03
0.000000000000000000e+00 3.879759999999999875e-01 2.904109999999999747e-01 5.571000000000000431e-03 1.323299999999999997e-02
0.000000000000000000e+00 4.119570000000000176e-01 2.795199999999999907e-01 5.707000000000000267e-03 8.550000000000000308e-03
0.000000000000000000e+00 4.435459999999999958e-01 2.486770000000000092e-01 3.396999999999999846e-03 9.568000000000000116e-03
0.000000000000000000e+00 4.293480000000000074e-01 3.185060000000000113e-01 5.707000000000000267e-03 1.608300000000000007e-02
0.000000000000000000e+00 4.228259999999999796e-01 3.144339999999999913e-01 7.609000000000000312e-03 7.532999999999999766e-03
0.000000000000000000e+00 4.233020000000000116e-01 3.193199999999999927e-01 7.472999999999999608e-03 8.347000000000000253e-03
1.000000000000000000e+00 4.061139999999999750e-01 3.412049999999999805e-01 3.533000000000000116e-03 1.425099999999999978e-02
1.000000000000000000e+00 4.252040000000000264e-01 3.299059999999999770e-01 6.929000000000000263e-03 9.568000000000000116e-03
1.000000000000000000e+00 4.281929999999999903e-01 3.335710000000000064e-01 8.016000000000000555e-03 8.347000000000000253e-03
1.000000000000000000e+00 4.318609999999999949e-01 3.408999999999999808e-01 5.298999999999999891e-03 1.078999999999999924e-02
1.000000000000000000e+00 4.285329999999999973e-01 3.427319999999999811e-01 5.977999999999999807e-03 1.282600000000000059e-02
1.000000000000000000e+00 4.292119999999999824e-01 3.569829999999999948e-01 5.163000000000000055e-03 1.241899999999999948e-02
1.000000000000000000e+00 4.358020000000000227e-01 3.577969999999999762e-01 4.484000000000000138e-03 1.404700000000000046e-02
1.000000000000000000e+00 4.136549999999999949e-01 3.897599999999999953e-01 6.929000000000000263e-03 7.939999999999999142e-03
1.000000000000000000e+00 4.814539999999999931e-01 3.002850000000000241e-01 3.667999999999999820e-03 1.343600000000000003e-02
1.000000000000000000e+00 4.601219999999999755e-01 3.562699999999999756e-01 3.667999999999999820e-03 1.628699999999999939e-02
1.000000000000000000e+00 4.508829999999999782e-01 3.599350000000000049e-01 8.831999999999999573e-03 8.550000000000000308e-03
1.000000000000000000e+00 5.015629999999999811e-01 3.166729999999999823e-01 8.831999999999999573e-03 5.089999999999999906e-03
0.000000000000000000e+00 5.078799999999999981e-01 2.979439999999999866e-01 9.511000000000000357e-03 5.497000000000000150e-03
0.000000000000000000e+00 5.044159999999999755e-01 2.584489999999999843e-01 4.754999999999999678e-03 1.201100000000000084e-02
0.000000000000000000e+00 5.262229999999999963e-01 2.742260000000000253e-01 8.151999999999999524e-03 1.221500000000000016e-02
1.000000000000000000e+00 5.199049999999999505e-01 3.369300000000000073e-01 8.831999999999999573e-03 6.106999999999999582e-03
1.000000000000000000e+00 5.247279999999999722e-01 3.377439999999999887e-01 8.696000000000000604e-03 7.735999999999999821e-03
1.000000000000000000e+00 4.998639999999999750e-01 3.638029999999999875e-01 5.977999999999999807e-03 1.221500000000000016e-02
1.000000000000000000e+00 4.857339999999999991e-01 3.757130000000000192e-01 4.619999999999999975e-03 1.445399999999999983e-02
1.000000000000000000e+00 4.798229999999999995e-01 3.812090000000000201e-01 9.102999999999999980e-03 1.160399999999999973e-02
0.000000000000000000e+00 4.667799999999999727e-01 3.365230000000000166e-01 5.027000000000000218e-03 1.384400000000000040e-02
1.000000000000000000e+00 4.229620000000000046e-01 3.840589999999999837e-01 6.250000000000000347e-03 9.568000000000000116e-03
1.000000000000000000e+00 4.970789999999999931e-01 3.940350000000000241e-01 9.102999999999999980e-03 7.125000000000000257e-03
1.000000000000000000e+00 4.850539999999999852e-01 4.067589999999999817e-01 7.879999999999999852e-03 8.142999999999999197e-03
1.000000000000000000e+00 5.137909999999999977e-01 4.128660000000000108e-01 5.027000000000000218e-03 1.140099999999999968e-02
1.000000000000000000e+00 5.194290000000000296e-01 4.429969999999999741e-01 8.423999999999999197e-03 1.343600000000000003e-02
0.000000000000000000e+00 5.500680000000000014e-01 4.840189999999999770e-01 7.200999999999999936e-03 1.201100000000000084e-02
0.000000000000000000e+00 5.175950000000000273e-01 4.978620000000000267e-01 3.667999999999999820e-03 1.323299999999999997e-02
0.000000000000000000e+00 5.101900000000000324e-01 4.831030000000000046e-01 4.891000000000000382e-03 1.221500000000000016e-02
1.000000000000000000e+00 5.094429999999999792e-01 5.057000000000000384e-01 8.288000000000000228e-03 7.735999999999999821e-03
1.000000000000000000e+00 4.864809999999999968e-01 4.832040000000000224e-01 8.831999999999999573e-03 6.718000000000000013e-03
0.000000000000000000e+00 4.564540000000000264e-01 4.917549999999999977e-01 8.016000000000000555e-03 1.038299999999999987e-02
1.000000000000000000e+00 4.341709999999999736e-01 5.155739999999999768e-01 7.745000000000000148e-03 8.347000000000000253e-03
1.000000000000000000e+00 4.410330000000000084e-01 4.504279999999999951e-01 5.434999999999999727e-03 1.567599999999999896e-02
0.000000000000000000e+00 4.402849999999999819e-01 3.949509999999999965e-01 5.571000000000000431e-03 1.873000000000000012e-02
1.000000000000000000e+00 4.023780000000000134e-01 4.678340000000000276e-01 9.917999999999999733e-03 8.550000000000000308e-03
1.000000000000000000e+00 4.216030000000000055e-01 5.098740000000000494e-01 7.336999999999999772e-03 8.347000000000000253e-03
0.000000000000000000e+00 3.891979999999999884e-01 5.276870000000000172e-01 7.472999999999999608e-03 9.365000000000000061e-03
1.000000000000000000e+00 3.887909999999999977e-01 5.575120000000000076e-01 4.211999999999999598e-03 1.078999999999999924e-02
1.000000000000000000e+00 4.036680000000000268e-01 5.647389999999999910e-01 4.619999999999999975e-03 1.302900000000000065e-02
1.000000000000000000e+00 4.004759999999999986e-01 5.662660000000000471e-01 5.298999999999999891e-03 1.445399999999999983e-02
0.000000000000000000e+00 4.525140000000000273e-01 5.869299999999999518e-01 7.745000000000000148e-03 1.180800000000000079e-02
0.000000000000000000e+00 4.269700000000000162e-01 5.778710000000000235e-01 1.046200000000000081e-02 6.718000000000000013e-03
0.000000000000000000e+00 4.250680000000000014e-01 6.630700000000000482e-01 8.288000000000000228e-03 7.328999999999999578e-03
0.000000000000000000e+00 4.367530000000000023e-01 6.535020000000000273e-01 9.646999999999999326e-03 5.700000000000000205e-03
0.000000000000000000e+00 4.180710000000000259e-01 6.616450000000000387e-01 7.336999999999999772e-03 1.058599999999999992e-02
1.000000000000000000e+00 5.519020000000000037e-01 6.180780000000000163e-01 5.163000000000000055e-03 1.791500000000000037e-02
0.000000000000000000e+00 5.804350000000000342e-01 6.804759999999999698e-01 1.059799999999999978e-02 6.718000000000000013e-03
0.000000000000000000e+00 5.891300000000000425e-01 6.722310000000000230e-01 9.783000000000000029e-03 9.771999999999999437e-03
1.000000000000000000e+00 6.619570000000000176e-01 6.530939999999999523e-01 4.891000000000000382e-03 1.425099999999999978e-02
1.000000000000000000e+00 6.966710000000000402e-01 6.689739999999999576e-01 6.657999999999999856e-03 1.099299999999999930e-02
0.000000000000000000e+00 7.534650000000000514e-01 6.838359999999999994e-01 8.288000000000000228e-03 1.058599999999999992e-02
0.000000000000000000e+00 7.120919999999999472e-01 6.832249999999999712e-01 8.696000000000000604e-03 8.958000000000000684e-03
0.000000000000000000e+00 6.963319999999999510e-01 6.782369999999999788e-01 7.065000000000000099e-03 8.753999999999999629e-03
0.000000000000000000e+00 6.874320000000000430e-01 6.804759999999999698e-01 4.754999999999999678e-03 1.323299999999999997e-02
0.000000000000000000e+00 6.799589999999999801e-01 6.569629999999999637e-01 4.211999999999999598e-03 1.099299999999999930e-02
1.000000000000000000e+00 7.030570000000000430e-01 6.342630000000000212e-01 7.745000000000000148e-03 6.310999999999999770e-03
1.000000000000000000e+00 6.953799999999999981e-01 6.292750000000000288e-01 3.804000000000000090e-03 1.180800000000000079e-02
1.000000000000000000e+00 6.644700000000000051e-01 5.918160000000000087e-01 7.745000000000000148e-03 6.106999999999999582e-03
1.000000000000000000e+00 6.715349999999999930e-01 5.904930000000000456e-01 3.396999999999999846e-03 1.241899999999999948e-02
1.000000000000000000e+00 6.803670000000000551e-01 5.993490000000000206e-01 4.484000000000000138e-03 1.465799999999999916e-02
1.000000000000000000e+00 6.260189999999999921e-01 6.051509999999999945e-01 5.841999999999999971e-03 1.282600000000000059e-02
1.000000000000000000e+00 6.222149999999999626e-01 6.215389999999999526e-01 5.841999999999999971e-03 1.384400000000000040e-02
1.000000000000000000e+00 6.415760000000000352e-01 6.377239999999999576e-01 5.977999999999999807e-03 1.078999999999999924e-02
0.000000000000000000e+00 6.484379999999999589e-01 6.501430000000000264e-01 6.657999999999999856e-03 1.038299999999999987e-02
0.000000000000000000e+00 6.730979999999999741e-01 6.198090000000000543e-01 1.005400000000000044e-02 5.904000000000000394e-03
0.000000000000000000e+00 6.879760000000000320e-01 5.910020000000000273e-01 7.472999999999999608e-03 1.017900000000000055e-02
0.000000000000000000e+00 5.826090000000000435e-01 5.931389999999999718e-01 5.977999999999999807e-03 1.486200000000000021e-02
1.000000000000000000e+00 6.062499999999999556e-01 5.837740000000000151e-01 6.793000000000000427e-03 1.160399999999999973e-02
1.000000000000000000e+00 6.165079999999999449e-01 6.117669999999999497e-01 8.288000000000000228e-03 6.922000000000000201e-03
0.000000000000000000e+00 6.288040000000000296e-01 5.882530000000000259e-01 4.348000000000000302e-03 1.241899999999999948e-02
0.000000000000000000e+00 6.251360000000000250e-01 5.848940000000000250e-01 6.793000000000000427e-03 1.180800000000000079e-02
0.000000000000000000e+00 6.497960000000000402e-01 6.012830000000000119e-01 9.917999999999999733e-03 8.347000000000000253e-03
0.000000000000000000e+00 6.551630000000000509e-01 5.978219999999999645e-01 4.075999999999999762e-03 1.201100000000000084e-02
1.000000000000000000e+00 6.500679999999999792e-01 5.920199999999999907e-01 4.211999999999999598e-03 1.262199999999999954e-02
1.000000000000000000e+00 6.466709999999999958e-01 5.948700000000000099e-01 5.571000000000000431e-03 1.017900000000000055e-02
1.000000000000000000e+00 6.699049999999999727e-01 5.545600000000000529e-01 7.200999999999999936e-03 8.550000000000000308e-03
0.000000000000000000e+00 7.416439999999999699e-01 6.487169999999999881e-01 8.831999999999999573e-03 7.125000000000000257e-03
0.000000000000000000e+00 7.335599999999999898e-01 6.320240000000000302e-01 7.065000000000000099e-03 1.404700000000000046e-02
0.000000000000000000e+00 7.029889999999999750e-01 6.114619999999999500e-01 4.891000000000000382e-03 1.078999999999999924e-02
0.000000000000000000e+00 6.972829999999999862e-01 6.118689999999999962e-01 6.522000000000000020e-03 1.363999999999999935e-02
0.000000000000000000e+00 7.042800000000000171e-01 5.646379999999999733e-01 5.298999999999999891e-03 1.404700000000000046e-02
0.000000000000000000e+00 6.933420000000000138e-01 5.588359999999999994e-01 7.879999999999999852e-03 1.099299999999999930e-02
0.000000000000000000e+00 6.863449999999999829e-01 5.644339999999999913e-01 9.102999999999999980e-03 4.682000000000000398e-03
1.000000000000000000e+00 6.622959999999999958e-01 5.715590000000000392e-01 7.745000000000000148e-03 7.532999999999999766e-03
1.000000000000000000e+00 6.709239999999999648e-01 5.659610000000000474e-01 4.348000000000000302e-03 1.180800000000000079e-02
1.000000000000000000e+00 6.900140000000000162e-01 5.737989999999999480e-01 3.396999999999999846e-03 1.201100000000000084e-02
1.000000000000000000e+00 6.868210000000000148e-01 5.744099999999999762e-01 5.434999999999999727e-03 1.323299999999999997e-02
1.000000000000000000e+00 7.213319999999999732e-01 5.723740000000000494e-01 8.696000000000000604e-03 9.976000000000000492e-03
1.000000000000000000e+00 7.240490000000000537e-01 5.609730000000000549e-01 8.696000000000000604e-03 1.119700000000000036e-02
0.000000000000000000e+00 7.259510000000000129e-01 5.701340000000000297e-01 7.065000000000000099e-03 1.160399999999999973e-02
0.000000000000000000e+00 7.385869999999999935e-01 5.458060000000000134e-01 4.891000000000000382e-03 1.221500000000000016e-02
0.000000000000000000e+00 6.588319999999999732e-01 5.391899999999999471e-01 7.879999999999999852e-03 8.347000000000000253e-03
1.000000000000000000e+00 6.288040000000000296e-01 5.257530000000000259e-01 4.891000000000000382e-03 1.404700000000000046e-02
1.000000000000000000e+00 6.430709999999999482e-01 5.100770000000000026e-01 9.239000000000000684e-03 1.078999999999999924e-02
1.000000000000000000e+00 6.529209999999999736e-01 5.050900000000000389e-01 7.200999999999999936e-03 1.099299999999999930e-02
1.000000000000000000e+00 6.576769999999999561e-01 4.764860000000000206e-01 6.929000000000000263e-03 1.119700000000000036e-02
0.000000000000000000e+00 6.165760000000000129e-01 5.134360000000000035e-01 8.151999999999999524e-03 7.735999999999999821e-03
0.000000000000000000e+00 5.948369999999999491e-01 5.094670000000000032e-01 6.522000000000000020e-03 9.161000000000000740e-03
0.000000000000000000e+00 6.144020000000000037e-01 4.949100000000000166e-01 6.793000000000000427e-03 1.221500000000000016e-02
1.000000000000000000e+00 6.152849999999999708e-01 4.503260000000000041e-01 9.102999999999999980e-03 7.328999999999999578e-03
0.000000000000000000e+00 6.404889999999999750e-01 4.553139999999999965e-01 5.163000000000000055e-03 1.445399999999999983e-02
1.000000000000000000e+00 6.203800000000000425e-01 4.739410000000000012e-01 6.793000000000000427e-03 1.221500000000000016e-02
0.000000000000000000e+00 7.049590000000000023e-01 5.242259999999999698e-01 1.018999999999999941e-02 6.514999999999999958e-03
1.000000000000000000e+00 6.979619999999999713e-01 4.844260000000000232e-01 4.891000000000000382e-03 1.404700000000000046e-02
1.000000000000000000e+00 6.986409999999999565e-01 4.735340000000000105e-01 6.250000000000000347e-03 1.140099999999999968e-02
1.000000000000000000e+00 6.225540000000000518e-01 3.941370000000000151e-01 6.522000000000000020e-03 1.140099999999999968e-02
1.000000000000000000e+00 6.190900000000000292e-01 4.288480000000000070e-01 1.018999999999999941e-02 1.078999999999999924e-02
0.000000000000000000e+00 6.529890000000000416e-01 4.313930000000000264e-01 4.348000000000000302e-03 1.384400000000000040e-02
1.000000000000000000e+00 6.733019999999999561e-01 4.332250000000000267e-01 5.298999999999999891e-03 1.343600000000000003e-02
0.000000000000000000e+00 6.900140000000000162e-01 4.604030000000000067e-01 9.646999999999999326e-03 7.532999999999999766e-03
0.000000000000000000e+00 6.974179999999999824e-01 4.647800000000000264e-01 6.250000000000000347e-03 1.180800000000000079e-02
0.000000000000000000e+00 7.067930000000000046e-01 4.578579999999999872e-01 7.336999999999999772e-03 6.514999999999999958e-03
0.000000000000000000e+00 7.044160000000000421e-01 4.643729999999999802e-01 3.125000000000000173e-03 1.017900000000000055e-02
0.000000000000000000e+00 7.131110000000000504e-01 4.719059999999999921e-01 7.200999999999999936e-03 1.058599999999999992e-02
0.000000000000000000e+00 7.150140000000000384e-01 4.689539999999999820e-01 5.841999999999999971e-03 1.201100000000000084e-02
1.000000000000000000e+00 7.051629999999999843e-01 4.910419999999999785e-01 7.336999999999999772e-03 1.140099999999999968e-02
0.000000000000000000e+00 7.474859999999999838e-01 4.998980000000000090e-01 7.200999999999999936e-03 1.404700000000000046e-02
1.000000000000000000e+00 7.002040000000000486e-01 4.544989999999999863e-01 6.386000000000000183e-03 1.323299999999999997e-02
0.000000000000000000e+00 7.932740000000000347e-01 5.960910000000000375e-01 8.559999999999999901e-03 1.140099999999999968e-02
1.000000000000000000e+00 7.932740000000000347e-01 6.153300000000000436e-01 5.571000000000000431e-03 1.445399999999999983e-02
1.000000000000000000e+00 6.927990000000000537e-01 3.638029999999999875e-01 4.075999999999999762e-03 1.140099999999999968e-02
1.000000000000000000e+00 6.845109999999999806e-01 3.621739999999999959e-01 4.075999999999999762e-03 1.343600000000000003e-02
1.000000000000000000e+00 6.821329999999999893e-01 3.594260000000000232e-01 3.939999999999999926e-03 1.078999999999999924e-02
1.000000000000000000e+00 5.627039999999999820e-01 3.650240000000000151e-01 7.745000000000000148e-03 1.017900000000000055e-02
1.000000000000000000e+00 5.724860000000000504e-01 3.459889999999999910e-01 4.484000000000000138e-03 1.323299999999999997e-02
1.000000000000000000e+00 5.862770000000000481e-01 3.589169999999999860e-01 8.151999999999999524e-03 9.365000000000000061e-03
1.000000000000000000e+00 6.196329999999999893e-01 3.526059999999999750e-01 1.018999999999999941e-02 1.017900000000000055e-02
1.000000000000000000e+00 6.417800000000000171e-01 3.317390000000000061e-01 7.745000000000000148e-03 9.568000000000000116e-03
1.000000000000000000e+00 6.391980000000000439e-01 2.966210000000000235e-01 5.841999999999999971e-03 8.958000000000000684e-03
1.000000000000000000e+00 6.568610000000000282e-01 2.880699999999999927e-01 5.298999999999999891e-03 1.140099999999999968e-02
0.000000000000000000e+00 6.868889999999999718e-01 2.926509999999999945e-01 6.929000000000000263e-03 7.532999999999999766e-03
0.000000000000000000e+00 6.768340000000000467e-01 2.656760000000000232e-01 6.657999999999999856e-03 1.425099999999999978e-02
1.000000000000000000e+00 6.491850000000000120e-01 2.542749999999999733e-01 8.151999999999999524e-03 5.700000000000000205e-03
0.000000000000000000e+00 6.271060000000000523e-01 2.422640000000000071e-01 6.657999999999999856e-03 1.180800000000000079e-02
