2.380000000000000000e+02 4.160000000000000000e+02
2.260000000000000000e+02 3.830000000000000000e+02
3.360000000000000000e+02 3.690000000000000000e+02
3.740000000000000000e+02 4.000000000000000000e+02
3.970000000000000000e+02 4.660000000000000000e+02
4.110000000000000000e+02 4.540000000000000000e+02
3.970000000000000000e+02 3.970000000000000000e+02
4.250000000000000000e+02 3.410000000000000000e+02
3.280000000000000000e+02 2.820000000000000000e+02
2.590000000000000000e+02 3.120000000000000000e+02
4.480000000000000000e+02 2.860000000000000000e+02
4.370000000000000000e+02 2.660000000000000000e+02
4.190000000000000000e+02 1.830000000000000000e+02
4.210000000000000000e+02 1.770000000000000000e+02
5.170000000000000000e+02 2.480000000000000000e+02
5.920000000000000000e+02 3.160000000000000000e+02
5.840000000000000000e+02 3.200000000000000000e+02
5.410000000000000000e+02 3.350000000000000000e+02
5.980000000000000000e+02 2.070000000000000000e+02
6.320000000000000000e+02 3.590000000000000000e+02
5.860000000000000000e+02 3.970000000000000000e+02
5.230000000000000000e+02 3.180000000000000000e+02
5.120000000000000000e+02 3.790000000000000000e+02
6.300000000000000000e+02 4.180000000000000000e+02
5.960000000000000000e+02 4.520000000000000000e+02
