2.550000000000000000e+02 4.160000000000000000e+02
2.570000000000000000e+02 3.710000000000000000e+02
8.900000000000000000e+01 3.940000000000000000e+02
1.270000000000000000e+02 4.350000000000000000e+02
4.080000000000000000e+02 3.420000000000000000e+02
1.700000000000000000e+02 2.810000000000000000e+02
3.300000000000000000e+02 2.430000000000000000e+02
3.490000000000000000e+02 2.480000000000000000e+02
3.680000000000000000e+02 2.480000000000000000e+02
3.510000000000000000e+02 2.670000000000000000e+02
4.600000000000000000e+02 1.700000000000000000e+02
3.440000000000000000e+02 1.630000000000000000e+02
3.180000000000000000e+02 1.010000000000000000e+02
2.380000000000000000e+02 1.040000000000000000e+02
1.670000000000000000e+02 1.600000000000000000e+02
9.400000000000000000e+01 2.080000000000000000e+02
8.700000000000000000e+01 1.510000000000000000e+02
1.200000000000000000e+02 1.250000000000000000e+02
1.410000000000000000e+02 1.440000000000000000e+02
1.270000000000000000e+02 1.440000000000000000e+02
5.000000000000000000e+02 1.200000000000000000e+02
5.360000000000000000e+02 9.900000000000000000e+01
5.950000000000000000e+02 1.340000000000000000e+02
5.780000000000000000e+02 4.390000000000000000e+02
