2.660000000000000000e+02 4.720000000000000000e+02
4.290000000000000000e+02 3.630000000000000000e+02
5.330000000000000000e+02 3.320000000000000000e+02
4.580000000000000000e+02 3.410000000000000000e+02
5.180000000000000000e+02 3.660000000000000000e+02
5.910000000000000000e+02 3.920000000000000000e+02
6.270000000000000000e+02 1.620000000000000000e+02
2.930000000000000000e+02 1.500000000000000000e+02
3.220000000000000000e+02 1.790000000000000000e+02
3.730000000000000000e+02 1.330000000000000000e+02
3.800000000000000000e+02 1.790000000000000000e+02
4.140000000000000000e+02 2.060000000000000000e+02
4.600000000000000000e+02 1.690000000000000000e+02
3.390000000000000000e+02 2.320000000000000000e+02
3.030000000000000000e+02 2.590000000000000000e+02
3.220000000000000000e+02 2.590000000000000000e+02
2.520000000000000000e+02 1.450000000000000000e+02
2.930000000000000000e+02 9.200000000000000000e+01
3.900000000000000000e+02 4.800000000000000000e+01
4.330000000000000000e+02 6.300000000000000000e+01
5.690000000000000000e+02 1.350000000000000000e+02
5.860000000000000000e+02 1.260000000000000000e+02
5.550000000000000000e+02 1.400000000000000000e+01
5.740000000000000000e+02 7.000000000000000000e+01
5.840000000000000000e+02 7.700000000000000000e+01
5.910000000000000000e+02 8.000000000000000000e+01
4.000000000000000000e+00 0.000000000000000000e+00
1.430000000000000000e+02 6.700000000000000000e+01
1.910000000000000000e+02 1.090000000000000000e+02
1.860000000000000000e+02 1.210000000000000000e+02
1.210000000000000000e+02 1.300000000000000000e+02
6.000000000000000000e+01 1.550000000000000000e+02
1.230000000000000000e+02 1.430000000000000000e+02
6.500000000000000000e+01 2.080000000000000000e+02
1.980000000000000000e+02 3.030000000000000000e+02
1.300000000000000000e+02 3.850000000000000000e+02
