5.460000000000000000e+02 4.650000000000000000e+02
3.190000000000000000e+02 4.710000000000000000e+02
4.560000000000000000e+02 4.490000000000000000e+02
5.600000000000000000e+02 3.480000000000000000e+02
4.630000000000000000e+02 3.740000000000000000e+02
4.210000000000000000e+02 3.600000000000000000e+02
4.650000000000000000e+02 3.120000000000000000e+02
4.660000000000000000e+02 2.910000000000000000e+02
4.140000000000000000e+02 2.750000000000000000e+02
3.430000000000000000e+02 2.880000000000000000e+02
3.090000000000000000e+02 3.090000000000000000e+02
3.610000000000000000e+02 4.500000000000000000e+02
3.920000000000000000e+02 4.420000000000000000e+02
2.910000000000000000e+02 4.490000000000000000e+02
3.120000000000000000e+02 3.550000000000000000e+02
2.620000000000000000e+02 3.740000000000000000e+02
2.570000000000000000e+02 2.930000000000000000e+02
2.770000000000000000e+02 2.830000000000000000e+02
2.670000000000000000e+02 2.960000000000000000e+02
4.060000000000000000e+02 1.030000000000000000e+02
2.570000000000000000e+02 1.030000000000000000e+02
1.580000000000000000e+02 1.000000000000000000e+02
1.660000000000000000e+02 2.170000000000000000e+02
2.810000000000000000e+02 9.700000000000000000e+01
1.970000000000000000e+02 9.800000000000000000e+01
1.830000000000000000e+02 9.200000000000000000e+01
1.910000000000000000e+02 4.470000000000000000e+02
1.500000000000000000e+02 4.670000000000000000e+02
1.290000000000000000e+02 4.600000000000000000e+02
1.970000000000000000e+02 4.290000000000000000e+02
1.760000000000000000e+02 4.200000000000000000e+02
1.020000000000000000e+02 4.230000000000000000e+02
1.100000000000000000e+02 4.230000000000000000e+02
1.420000000000000000e+02 3.600000000000000000e+02
7.600000000000000000e+01 3.660000000000000000e+02
6.400000000000000000e+01 3.820000000000000000e+02
1.200000000000000000e+01 3.920000000000000000e+02
6.000000000000000000e+00 3.770000000000000000e+02
3.500000000000000000e+01 4.490000000000000000e+02
7.600000000000000000e+01 4.700000000000000000e+02
1.700000000000000000e+01 2.930000000000000000e+02
8.000000000000000000e+00 1.830000000000000000e+02
2.700000000000000000e+01 1.730000000000000000e+02
1.030000000000000000e+02 1.100000000000000000e+02
1.130000000000000000e+02 2.180000000000000000e+02
1.310000000000000000e+02 1.630000000000000000e+02
1.060000000000000000e+02 1.550000000000000000e+02
7.100000000000000000e+01 2.720000000000000000e+02
6.800000000000000000e+01 2.870000000000000000e+02
1.100000000000000000e+02 3.060000000000000000e+02
1.130000000000000000e+02 2.980000000000000000e+02
1.080000000000000000e+02 3.040000000000000000e+02
3.700000000000000000e+01 3.030000000000000000e+02
3.200000000000000000e+01 2.740000000000000000e+02
2.400000000000000000e+01 1.280000000000000000e+02
9.000000000000000000e+00 1.230000000000000000e+02
1.200000000000000000e+01 3.270000000000000000e+02
