2.640000000000000000e+02 3.920000000000000000e+02
2.320000000000000000e+02 2.780000000000000000e+02
2.280000000000000000e+02 2.640000000000000000e+02
2.020000000000000000e+02 3.860000000000000000e+02
1.420000000000000000e+02 2.540000000000000000e+02
3.800000000000000000e+01 2.500000000000000000e+02
1.300000000000000000e+02 1.220000000000000000e+02
2.080000000000000000e+02 1.420000000000000000e+02
3.220000000000000000e+02 2.080000000000000000e+02
2.220000000000000000e+02 5.400000000000000000e+01
5.660000000000000000e+02 4.600000000000000000e+01
5.900000000000000000e+02 2.760000000000000000e+02
5.600000000000000000e+02 2.900000000000000000e+02
4.920000000000000000e+02 2.460000000000000000e+02
4.420000000000000000e+02 2.340000000000000000e+02
4.380000000000000000e+02 1.760000000000000000e+02
4.940000000000000000e+02 4.080000000000000000e+02
