2.700000000000000000e+01 7.900000000000000000e+01
2.500000000000000000e+01 1.560000000000000000e+02
9.100000000000000000e+01 1.290000000000000000e+02
1.160000000000000000e+02 1.210000000000000000e+02
1.390000000000000000e+02 1.140000000000000000e+02
2.620000000000000000e+02 5.000000000000000000e+01
4.270000000000000000e+02 2.500000000000000000e+01
4.250000000000000000e+02 3.500000000000000000e+01
4.190000000000000000e+02 5.000000000000000000e+01
5.020000000000000000e+02 8.900000000000000000e+01
4.440000000000000000e+02 1.580000000000000000e+02
3.040000000000000000e+02 1.500000000000000000e+02
5.920000000000000000e+02 1.620000000000000000e+02
5.850000000000000000e+02 1.790000000000000000e+02
4.500000000000000000e+02 1.830000000000000000e+02
4.210000000000000000e+02 2.310000000000000000e+02
4.480000000000000000e+02 2.140000000000000000e+02
3.370000000000000000e+02 2.480000000000000000e+02
3.890000000000000000e+02 1.850000000000000000e+02
3.000000000000000000e+02 1.980000000000000000e+02
3.040000000000000000e+02 2.040000000000000000e+02
2.620000000000000000e+02 2.230000000000000000e+02
2.850000000000000000e+02 2.370000000000000000e+02
2.640000000000000000e+02 2.580000000000000000e+02
2.540000000000000000e+02 3.250000000000000000e+02
4.580000000000000000e+02 3.460000000000000000e+02
9.700000000000000000e+01 2.460000000000000000e+02
7.900000000000000000e+01 3.250000000000000000e+02
8.900000000000000000e+01 3.150000000000000000e+02
1.040000000000000000e+02 3.230000000000000000e+02
1.330000000000000000e+02 2.540000000000000000e+02
2.270000000000000000e+02 2.420000000000000000e+02
1.910000000000000000e+02 1.580000000000000000e+02
2.000000000000000000e+02 1.370000000000000000e+02
2.100000000000000000e+02 3.960000000000000000e+02
3.540000000000000000e+02 4.090000000000000000e+02
