2.600000000000000000e+01 9.700000000000000000e+01
1.600000000000000000e+01 1.230000000000000000e+02
4.500000000000000000e+01 1.220000000000000000e+02
9.100000000000000000e+01 8.100000000000000000e+01
1.040000000000000000e+02 7.800000000000000000e+01
2.800000000000000000e+02 2.520000000000000000e+02
3.120000000000000000e+02 1.880000000000000000e+02
2.980000000000000000e+02 1.690000000000000000e+02
2.270000000000000000e+02 9.100000000000000000e+01
2.110000000000000000e+02 5.600000000000000000e+01
1.850000000000000000e+02 1.100000000000000000e+01
2.630000000000000000e+02 1.100000000000000000e+01
2.680000000000000000e+02 4.000000000000000000e+00
3.280000000000000000e+02 1.600000000000000000e+01
3.400000000000000000e+02 2.900000000000000000e+01
3.560000000000000000e+02 2.200000000000000000e+01
3.560000000000000000e+02 2.400000000000000000e+01
3.560000000000000000e+02 1.900000000000000000e+01
3.170000000000000000e+02 6.000000000000000000e+01
2.810000000000000000e+02 7.600000000000000000e+01
3.270000000000000000e+02 1.070000000000000000e+02
3.060000000000000000e+02 1.050000000000000000e+02
2.520000000000000000e+02 7.900000000000000000e+01
3.980000000000000000e+02 5.800000000000000000e+01
3.920000000000000000e+02 1.180000000000000000e+02
4.150000000000000000e+02 1.350000000000000000e+02
4.230000000000000000e+02 9.200000000000000000e+01
4.120000000000000000e+02 7.600000000000000000e+01
4.410000000000000000e+02 8.400000000000000000e+01
4.510000000000000000e+02 7.400000000000000000e+01
4.750000000000000000e+02 1.120000000000000000e+02
4.490000000000000000e+02 1.460000000000000000e+02
4.250000000000000000e+02 1.540000000000000000e+02
4.130000000000000000e+02 2.180000000000000000e+02
5.840000000000000000e+02 9.000000000000000000e+00
5.690000000000000000e+02 7.100000000000000000e+01
5.780000000000000000e+02 6.300000000000000000e+01
5.890000000000000000e+02 6.900000000000000000e+01
6.120000000000000000e+02 1.600000000000000000e+01
