5.100000000000000000e+01 4.900000000000000000e+01
6.800000000000000000e+01 6.800000000000000000e+01
2.900000000000000000e+01 1.080000000000000000e+02
2.600000000000000000e+01 1.220000000000000000e+02
1.360000000000000000e+02 1.460000000000000000e+02
1.390000000000000000e+02 6.800000000000000000e+01
1.190000000000000000e+02 5.900000000000000000e+01
2.650000000000000000e+02 4.800000000000000000e+01
2.340000000000000000e+02 7.100000000000000000e+01
3.100000000000000000e+02 5.100000000000000000e+01
3.320000000000000000e+02 6.200000000000000000e+01
4.030000000000000000e+02 8.000000000000000000e+01
4.220000000000000000e+02 5.900000000000000000e+01
4.300000000000000000e+02 6.800000000000000000e+01
4.470000000000000000e+02 9.000000000000000000e+01
4.110000000000000000e+02 1.460000000000000000e+02
3.710000000000000000e+02 1.300000000000000000e+02
3.740000000000000000e+02 1.420000000000000000e+02
3.750000000000000000e+02 1.920000000000000000e+02
2.900000000000000000e+02 1.840000000000000000e+02
2.870000000000000000e+02 1.700000000000000000e+02
2.740000000000000000e+02 1.810000000000000000e+02
1.840000000000000000e+02 2.090000000000000000e+02
1.770000000000000000e+02 1.920000000000000000e+02
9.300000000000000000e+01 3.060000000000000000e+02
1.070000000000000000e+02 3.440000000000000000e+02
1.780000000000000000e+02 4.280000000000000000e+02
1.700000000000000000e+02 4.340000000000000000e+02
1.720000000000000000e+02 3.630000000000000000e+02
2.310000000000000000e+02 3.200000000000000000e+02
2.590000000000000000e+02 3.040000000000000000e+02
3.710000000000000000e+02 2.590000000000000000e+02
3.320000000000000000e+02 3.290000000000000000e+02
4.000000000000000000e+02 3.320000000000000000e+02
4.270000000000000000e+02 3.930000000000000000e+02
2.820000000000000000e+02 3.710000000000000000e+02
3.210000000000000000e+02 4.170000000000000000e+02
3.090000000000000000e+02 4.580000000000000000e+02
5.600000000000000000e+02 3.490000000000000000e+02
5.290000000000000000e+02 3.150000000000000000e+02
5.570000000000000000e+02 3.960000000000000000e+02
5.510000000000000000e+02 3.990000000000000000e+02
4.730000000000000000e+02 4.060000000000000000e+02
4.690000000000000000e+02 4.450000000000000000e+02
5.030000000000000000e+02 4.550000000000000000e+02
6.210000000000000000e+02 4.390000000000000000e+02
4.730000000000000000e+02 2.620000000000000000e+02
5.400000000000000000e+02 1.830000000000000000e+02
5.710000000000000000e+02 1.750000000000000000e+02
5.150000000000000000e+02 1.640000000000000000e+02
4.760000000000000000e+02 1.420000000000000000e+02
4.640000000000000000e+02 1.140000000000000000e+02
5.110000000000000000e+02 1.300000000000000000e+02
5.140000000000000000e+02 1.190000000000000000e+02
4.890000000000000000e+02 1.210000000000000000e+02
4.950000000000000000e+02 1.190000000000000000e+02
5.120000000000000000e+02 1.020000000000000000e+02
5.310000000000000000e+02 9.900000000000000000e+01
5.340000000000000000e+02 8.800000000000000000e+01
