6.200000000000000000e+01 1.770000000000000000e+02
3.400000000000000000e+01 9.600000000000000000e+01
5.100000000000000000e+01 1.080000000000000000e+02
4.200000000000000000e+01 1.080000000000000000e+02
1.600000000000000000e+02 4.010000000000000000e+02
1.320000000000000000e+02 1.000000000000000000e+02
1.260000000000000000e+02 1.640000000000000000e+02
1.450000000000000000e+02 1.570000000000000000e+02
1.690000000000000000e+02 1.620000000000000000e+02
1.840000000000000000e+02 1.530000000000000000e+02
1.220000000000000000e+02 2.750000000000000000e+02
8.100000000000000000e+01 3.470000000000000000e+02
2.350000000000000000e+02 3.410000000000000000e+02
1.560000000000000000e+02 2.510000000000000000e+02
1.510000000000000000e+02 2.170000000000000000e+02
1.770000000000000000e+02 2.110000000000000000e+02
1.840000000000000000e+02 2.260000000000000000e+02
2.220000000000000000e+02 2.410000000000000000e+02
3.720000000000000000e+02 3.240000000000000000e+02
3.890000000000000000e+02 3.340000000000000000e+02
3.980000000000000000e+02 3.300000000000000000e+02
4.320000000000000000e+02 3.240000000000000000e+02
4.280000000000000000e+02 3.710000000000000000e+02
4.830000000000000000e+02 2.300000000000000000e+02
4.490000000000000000e+02 1.680000000000000000e+02
4.770000000000000000e+02 1.740000000000000000e+02
2.440000000000000000e+02 1.740000000000000000e+02
2.480000000000000000e+02 2.060000000000000000e+02
2.670000000000000000e+02 1.850000000000000000e+02
2.290000000000000000e+02 1.280000000000000000e+02
2.540000000000000000e+02 1.100000000000000000e+02
3.210000000000000000e+02 1.000000000000000000e+02
2.860000000000000000e+02 1.400000000000000000e+02
2.970000000000000000e+02 1.490000000000000000e+02
3.160000000000000000e+02 1.450000000000000000e+02
2.540000000000000000e+02 8.300000000000000000e+01
3.440000000000000000e+02 1.320000000000000000e+02
3.480000000000000000e+02 1.420000000000000000e+02
3.830000000000000000e+02 7.800000000000000000e+01
4.300000000000000000e+02 1.320000000000000000e+02
4.580000000000000000e+02 8.500000000000000000e+01
4.600000000000000000e+02 1.550000000000000000e+02
6.160000000000000000e+02 1.300000000000000000e+02
6.220000000000000000e+02 1.420000000000000000e+02
2.860000000000000000e+02 4.670000000000000000e+02
