2.280000000000000000e+02 8.000000000000000000e+00
3.740000000000000000e+02 4.900000000000000000e+01
5.020000000000000000e+02 6.000000000000000000e+00
5.040000000000000000e+02 8.800000000000000000e+01
3.340000000000000000e+02 1.370000000000000000e+02
2.900000000000000000e+02 1.930000000000000000e+02
2.730000000000000000e+02 1.010000000000000000e+02
7.500000000000000000e+01 1.330000000000000000e+02
5.040000000000000000e+02 3.350000000000000000e+02
3.790000000000000000e+02 3.350000000000000000e+02
2.950000000000000000e+02 3.140000000000000000e+02
2.000000000000000000e+02 4.360000000000000000e+02
1.010000000000000000e+02 3.800000000000000000e+02
6.800000000000000000e+01 3.960000000000000000e+02
5.320000000000000000e+02 2.190000000000000000e+02
5.750000000000000000e+02 1.390000000000000000e+02
