8.000000000000000000e+00 7.100000000000000000e+01
1.700000000000000000e+01 6.900000000000000000e+01
3.800000000000000000e+01 8.200000000000000000e+01
5.600000000000000000e+01 3.400000000000000000e+01
5.200000000000000000e+01 2.600000000000000000e+01
1.150000000000000000e+02 3.400000000000000000e+01
1.070000000000000000e+02 6.400000000000000000e+01
1.260000000000000000e+02 5.700000000000000000e+01
1.280000000000000000e+02 6.100000000000000000e+01
1.040000000000000000e+02 7.700000000000000000e+01
1.200000000000000000e+02 9.800000000000000000e+01
1.420000000000000000e+02 7.600000000000000000e+01
1.420000000000000000e+02 9.000000000000000000e+01
1.620000000000000000e+02 8.800000000000000000e+01
1.880000000000000000e+02 6.700000000000000000e+01
1.930000000000000000e+02 6.500000000000000000e+01
1.890000000000000000e+02 3.600000000000000000e+01
2.240000000000000000e+02 7.500000000000000000e+01
2.520000000000000000e+02 5.300000000000000000e+01
2.860000000000000000e+02 5.400000000000000000e+01
2.930000000000000000e+02 6.400000000000000000e+01
6.000000000000000000e+01 1.160000000000000000e+02
6.400000000000000000e+01 1.130000000000000000e+02
4.500000000000000000e+01 1.120000000000000000e+02
6.300000000000000000e+01 1.070000000000000000e+02
8.200000000000000000e+01 1.030000000000000000e+02
1.000000000000000000e+02 1.280000000000000000e+02
8.800000000000000000e+01 1.530000000000000000e+02
1.030000000000000000e+02 1.370000000000000000e+02
1.130000000000000000e+02 1.340000000000000000e+02
1.160000000000000000e+02 1.430000000000000000e+02
1.550000000000000000e+02 1.240000000000000000e+02
2.310000000000000000e+02 1.280000000000000000e+02
2.610000000000000000e+02 1.470000000000000000e+02
4.000000000000000000e+01 2.390000000000000000e+02
2.760000000000000000e+02 1.990000000000000000e+02
2.530000000000000000e+02 2.880000000000000000e+02
3.300000000000000000e+02 3.560000000000000000e+02
3.230000000000000000e+02 1.170000000000000000e+02
3.200000000000000000e+02 1.470000000000000000e+02
3.460000000000000000e+02 1.230000000000000000e+02
3.620000000000000000e+02 1.380000000000000000e+02
3.560000000000000000e+02 1.800000000000000000e+01
4.280000000000000000e+02 7.200000000000000000e+01
4.490000000000000000e+02 7.900000000000000000e+01
5.180000000000000000e+02 1.350000000000000000e+02
5.550000000000000000e+02 1.290000000000000000e+02
5.370000000000000000e+02 2.020000000000000000e+02
5.870000000000000000e+02 2.640000000000000000e+02
