5.630000000000000000e+02 3.770000000000000000e+02
3.210000000000000000e+02 4.180000000000000000e+02
5.330000000000000000e+02 2.430000000000000000e+02
2.680000000000000000e+02 3.200000000000000000e+02
3.450000000000000000e+02 3.680000000000000000e+02
3.270000000000000000e+02 3.640000000000000000e+02
2.640000000000000000e+02 3.700000000000000000e+02
3.300000000000000000e+02 3.290000000000000000e+02
3.230000000000000000e+02 2.490000000000000000e+02
2.170000000000000000e+02 2.810000000000000000e+02
1.740000000000000000e+02 3.640000000000000000e+02
1.530000000000000000e+02 3.000000000000000000e+02
3.590000000000000000e+02 2.810000000000000000e+02
3.240000000000000000e+02 2.690000000000000000e+02
1.770000000000000000e+02 4.610000000000000000e+02
7.200000000000000000e+01 4.210000000000000000e+02
9.700000000000000000e+01 3.590000000000000000e+02
9.900000000000000000e+01 3.520000000000000000e+02
4.500000000000000000e+02 2.280000000000000000e+02
5.460000000000000000e+02 1.350000000000000000e+02
4.560000000000000000e+02 1.590000000000000000e+02
4.170000000000000000e+02 1.450000000000000000e+02
4.580000000000000000e+02 1.020000000000000000e+02
4.590000000000000000e+02 8.200000000000000000e+01
4.110000000000000000e+02 6.700000000000000000e+01
3.450000000000000000e+02 7.900000000000000000e+01
3.130000000000000000e+02 9.900000000000000000e+01
3.620000000000000000e+02 2.300000000000000000e+02
3.900000000000000000e+02 2.220000000000000000e+02
2.970000000000000000e+02 2.280000000000000000e+02
3.160000000000000000e+02 1.410000000000000000e+02
2.700000000000000000e+02 1.590000000000000000e+02
2.650000000000000000e+02 8.400000000000000000e+01
2.830000000000000000e+02 7.500000000000000000e+01
2.740000000000000000e+02 8.700000000000000000e+01
1.810000000000000000e+02 1.300000000000000000e+01
2.040000000000000000e+02 2.270000000000000000e+02
1.750000000000000000e+02 2.670000000000000000e+02
1.660000000000000000e+02 2.450000000000000000e+02
1.470000000000000000e+02 2.390000000000000000e+02
2.100000000000000000e+02 2.100000000000000000e+02
1.900000000000000000e+02 2.010000000000000000e+02
1.210000000000000000e+02 2.040000000000000000e+02
1.290000000000000000e+02 2.040000000000000000e+02
1.590000000000000000e+02 1.450000000000000000e+02
9.700000000000000000e+01 1.510000000000000000e+02
8.700000000000000000e+01 1.670000000000000000e+02
3.900000000000000000e+01 1.760000000000000000e+02
3.300000000000000000e+01 1.620000000000000000e+02
6.000000000000000000e+01 2.280000000000000000e+02
1.440000000000000000e+02 2.700000000000000000e+02
1.020000000000000000e+02 2.660000000000000000e+02
9.700000000000000000e+01 2.480000000000000000e+02
4.600000000000000000e+01 2.990000000000000000e+02
4.300000000000000000e+01 8.400000000000000000e+01
2.200000000000000000e+01 1.150000000000000000e+02
1.320000000000000000e+02 1.500000000000000000e+01
9.300000000000000000e+01 6.400000000000000000e+01
9.000000000000000000e+01 7.800000000000000000e+01
1.290000000000000000e+02 9.600000000000000000e+01
1.320000000000000000e+02 8.800000000000000000e+01
1.270000000000000000e+02 9.400000000000000000e+01
6.100000000000000000e+01 9.300000000000000000e+01
5.700000000000000000e+01 6.600000000000000000e+01
1.500000000000000000e+01 8.400000000000000000e+01
1.300000000000000000e+01 5.700000000000000000e+01
3.900000000000000000e+01 1.150000000000000000e+02
0.000000000000000000e+00 1.230000000000000000e+02
3.400000000000000000e+01 2.690000000000000000e+02
1.200000000000000000e+01 1.110000000000000000e+02
4.000000000000000000e+00 3.060000000000000000e+02
1.300000000000000000e+01 2.960000000000000000e+02
