1.870000000000000000e+02 9.400000000000000000e+01
1.910000000000000000e+02 1.440000000000000000e+02
2.480000000000000000e+02 1.420000000000000000e+02
3.210000000000000000e+02 1.440000000000000000e+02
3.760000000000000000e+02 1.290000000000000000e+02
3.840000000000000000e+02 1.110000000000000000e+02
3.210000000000000000e+02 3.200000000000000000e+01
4.100000000000000000e+02 1.500000000000000000e+01
4.600000000000000000e+02 5.800000000000000000e+01
4.630000000000000000e+02 1.320000000000000000e+02
4.800000000000000000e+02 3.600000000000000000e+01
4.240000000000000000e+02 3.000000000000000000e+00
4.520000000000000000e+02 1.170000000000000000e+02
4.390000000000000000e+02 1.300000000000000000e+02
4.480000000000000000e+02 1.420000000000000000e+02
4.710000000000000000e+02 1.460000000000000000e+02
4.800000000000000000e+02 1.250000000000000000e+02
4.120000000000000000e+02 1.800000000000000000e+02
3.350000000000000000e+02 1.950000000000000000e+02
4.540000000000000000e+02 1.740000000000000000e+02
5.470000000000000000e+02 1.950000000000000000e+02
5.330000000000000000e+02 2.420000000000000000e+02
5.260000000000000000e+02 2.520000000000000000e+02
5.180000000000000000e+02 2.580000000000000000e+02
5.320000000000000000e+02 1.550000000000000000e+02
6.280000000000000000e+02 1.840000000000000000e+02
6.280000000000000000e+02 1.250000000000000000e+02
5.600000000000000000e+02 4.500000000000000000e+01
6.020000000000000000e+02 1.000000000000000000e+00
