5.400000000000000000e+01 1.090000000000000000e+02
4.700000000000000000e+01 1.150000000000000000e+02
4.900000000000000000e+01 5.000000000000000000e+01
1.020000000000000000e+02 1.100000000000000000e+01
1.940000000000000000e+02 1.900000000000000000e+01
2.560000000000000000e+02 2.200000000000000000e+01
2.790000000000000000e+02 7.700000000000000000e+01
1.490000000000000000e+02 5.700000000000000000e+01
1.840000000000000000e+02 9.900000000000000000e+01
1.430000000000000000e+02 1.880000000000000000e+02
1.400000000000000000e+02 2.230000000000000000e+02
1.390000000000000000e+02 2.410000000000000000e+02
1.640000000000000000e+02 2.340000000000000000e+02
1.730000000000000000e+02 1.360000000000000000e+02
2.820000000000000000e+02 1.580000000000000000e+02
2.410000000000000000e+02 1.960000000000000000e+02
2.680000000000000000e+02 2.170000000000000000e+02
2.320000000000000000e+02 2.830000000000000000e+02
2.500000000000000000e+02 2.890000000000000000e+02
1.800000000000000000e+02 2.930000000000000000e+02
1.820000000000000000e+02 4.390000000000000000e+02
1.780000000000000000e+02 3.920000000000000000e+02
1.540000000000000000e+02 3.550000000000000000e+02
9.700000000000000000e+01 3.270000000000000000e+02
3.130000000000000000e+02 4.040000000000000000e+02
3.440000000000000000e+02 4.080000000000000000e+02
3.810000000000000000e+02 4.180000000000000000e+02
6.090000000000000000e+02 4.540000000000000000e+02
6.250000000000000000e+02 4.120000000000000000e+02
5.830000000000000000e+02 4.080000000000000000e+02
5.990000000000000000e+02 3.920000000000000000e+02
6.180000000000000000e+02 4.070000000000000000e+02
6.020000000000000000e+02 3.620000000000000000e+02
4.680000000000000000e+02 3.880000000000000000e+02
4.680000000000000000e+02 3.620000000000000000e+02
4.160000000000000000e+02 3.640000000000000000e+02
3.170000000000000000e+02 2.370000000000000000e+02
3.840000000000000000e+02 3.110000000000000000e+02
4.200000000000000000e+02 2.890000000000000000e+02
4.030000000000000000e+02 2.550000000000000000e+02
4.120000000000000000e+02 2.630000000000000000e+02
4.790000000000000000e+02 2.340000000000000000e+02
4.930000000000000000e+02 2.140000000000000000e+02
5.420000000000000000e+02 2.000000000000000000e+02
5.540000000000000000e+02 3.350000000000000000e+02
5.690000000000000000e+02 3.360000000000000000e+02
5.960000000000000000e+02 3.200000000000000000e+01
4.950000000000000000e+02 1.500000000000000000e+01
4.000000000000000000e+02 3.700000000000000000e+01
3.720000000000000000e+02 7.000000000000000000e+00
3.980000000000000000e+02 8.000000000000000000e+01
3.920000000000000000e+02 8.200000000000000000e+01
3.220000000000000000e+02 8.900000000000000000e+01
3.170000000000000000e+02 1.240000000000000000e+02
3.480000000000000000e+02 1.330000000000000000e+02
4.550000000000000000e+02 1.190000000000000000e+02
