1.430000000000000000e+02 5.200000000000000000e+01
1.490000000000000000e+02 3.100000000000000000e+01
2.820000000000000000e+02 5.400000000000000000e+01
3.410000000000000000e+02 5.000000000000000000e+01
9.600000000000000000e+01 1.410000000000000000e+02
1.240000000000000000e+02 2.330000000000000000e+02
1.280000000000000000e+02 2.420000000000000000e+02
1.000000000000000000e+01 3.150000000000000000e+02
1.600000000000000000e+01 3.030000000000000000e+02
1.680000000000000000e+02 1.450000000000000000e+02
2.060000000000000000e+02 1.430000000000000000e+02
2.420000000000000000e+02 2.140000000000000000e+02
2.980000000000000000e+02 1.740000000000000000e+02
1.970000000000000000e+02 2.420000000000000000e+02
1.970000000000000000e+02 2.560000000000000000e+02
1.810000000000000000e+02 2.500000000000000000e+02
2.000000000000000000e+02 2.800000000000000000e+02
2.960000000000000000e+02 3.340000000000000000e+02
1.430000000000000000e+02 4.580000000000000000e+02
5.550000000000000000e+02 4.630000000000000000e+02
5.240000000000000000e+02 3.470000000000000000e+02
6.120000000000000000e+02 3.380000000000000000e+02
6.100000000000000000e+02 2.670000000000000000e+02
5.130000000000000000e+02 2.900000000000000000e+02
5.470000000000000000e+02 2.610000000000000000e+02
4.800000000000000000e+02 2.560000000000000000e+02
4.840000000000000000e+02 2.330000000000000000e+02
5.010000000000000000e+02 2.160000000000000000e+02
4.500000000000000000e+02 2.730000000000000000e+02
4.610000000000000000e+02 2.800000000000000000e+02
3.700000000000000000e+02 2.840000000000000000e+02
5.780000000000000000e+02 1.740000000000000000e+02
5.850000000000000000e+02 1.530000000000000000e+02
5.760000000000000000e+02 1.470000000000000000e+02
5.530000000000000000e+02 1.470000000000000000e+02
5.240000000000000000e+02 1.070000000000000000e+02
5.260000000000000000e+02 8.400000000000000000e+01
4.580000000000000000e+02 5.400000000000000000e+01
6.040000000000000000e+02 1.200000000000000000e+01
