7.200000000000000000e+01 3.020000000000000000e+02
6.000000000000000000e+01 2.650000000000000000e+02
7.200000000000000000e+01 2.510000000000000000e+02
8.400000000000000000e+01 2.530000000000000000e+02
5.300000000000000000e+01 1.770000000000000000e+02
1.120000000000000000e+02 2.050000000000000000e+02
1.190000000000000000e+02 2.280000000000000000e+02
1.020000000000000000e+02 1.580000000000000000e+02
1.230000000000000000e+02 1.280000000000000000e+02
1.190000000000000000e+02 1.420000000000000000e+02
1.490000000000000000e+02 1.580000000000000000e+02
2.490000000000000000e+02 1.560000000000000000e+02
2.030000000000000000e+02 1.720000000000000000e+02
1.930000000000000000e+02 1.840000000000000000e+02
1.510000000000000000e+02 2.000000000000000000e+02
1.630000000000000000e+02 1.740000000000000000e+02
2.260000000000000000e+02 1.720000000000000000e+02
2.310000000000000000e+02 1.910000000000000000e+02
2.450000000000000000e+02 2.280000000000000000e+02
2.870000000000000000e+02 1.230000000000000000e+02
3.010000000000000000e+02 1.280000000000000000e+02
3.240000000000000000e+02 8.600000000000000000e+01
2.770000000000000000e+02 3.140000000000000000e+02
2.280000000000000000e+02 4.070000000000000000e+02
3.760000000000000000e+02 3.890000000000000000e+02
3.990000000000000000e+02 1.390000000000000000e+02
4.410000000000000000e+02 9.300000000000000000e+01
4.290000000000000000e+02 7.600000000000000000e+01
4.180000000000000000e+02 1.040000000000000000e+02
4.690000000000000000e+02 1.210000000000000000e+02
4.460000000000000000e+02 1.300000000000000000e+02
4.550000000000000000e+02 1.280000000000000000e+02
4.550000000000000000e+02 1.370000000000000000e+02
5.230000000000000000e+02 1.840000000000000000e+02
5.130000000000000000e+02 1.910000000000000000e+02
5.510000000000000000e+02 1.510000000000000000e+02
5.060000000000000000e+02 1.370000000000000000e+02
5.620000000000000000e+02 1.250000000000000000e+02
5.370000000000000000e+02 8.800000000000000000e+01
5.480000000000000000e+02 8.800000000000000000e+01
5.810000000000000000e+02 3.120000000000000000e+02
5.600000000000000000e+02 3.890000000000000000e+02
5.550000000000000000e+02 4.240000000000000000e+02
