9.900000000000000000e+01 7.800000000000000000e+01
1.830000000000000000e+02 1.690000000000000000e+02
2.470000000000000000e+02 1.880000000000000000e+02
2.990000000000000000e+02 2.260000000000000000e+02
3.440000000000000000e+02 2.050000000000000000e+02
4.020000000000000000e+02 2.430000000000000000e+02
2.990000000000000000e+02 3.220000000000000000e+02
2.610000000000000000e+02 9.000000000000000000e+01
2.520000000000000000e+02 7.100000000000000000e+01
1.680000000000000000e+02 1.950000000000000000e+02
1.330000000000000000e+02 2.240000000000000000e+02
1.280000000000000000e+02 2.690000000000000000e+02
1.260000000000000000e+02 2.770000000000000000e+02
2.660000000000000000e+02 3.860000000000000000e+02
4.800000000000000000e+02 6.400000000000000000e+01
4.660000000000000000e+02 7.400000000000000000e+01
4.730000000000000000e+02 8.100000000000000000e+01
4.940000000000000000e+02 1.050000000000000000e+02
5.590000000000000000e+02 8.100000000000000000e+01
5.490000000000000000e+02 8.800000000000000000e+01
6.300000000000000000e+02 9.000000000000000000e+01
6.060000000000000000e+02 2.170000000000000000e+02
5.970000000000000000e+02 2.810000000000000000e+02
5.990000000000000000e+02 3.050000000000000000e+02
6.130000000000000000e+02 3.100000000000000000e+02
5.370000000000000000e+02 3.840000000000000000e+02
4.250000000000000000e+02 4.560000000000000000e+02
3.830000000000000000e+02 3.890000000000000000e+02
3.780000000000000000e+02 4.030000000000000000e+02
5.970000000000000000e+02 4.650000000000000000e+02
