6.150000000000000000e+02 9.300000000000000000e+01
5.720000000000000000e+02 4.800000000000000000e+01
5.200000000000000000e+02 8.400000000000000000e+01
5.810000000000000000e+02 8.800000000000000000e+01
5.550000000000000000e+02 1.460000000000000000e+02
5.980000000000000000e+02 1.210000000000000000e+02
5.850000000000000000e+02 9.500000000000000000e+01
5.460000000000000000e+02 1.030000000000000000e+02
1.620000000000000000e+02 4.310000000000000000e+02
1.870000000000000000e+02 4.180000000000000000e+02
2.110000000000000000e+02 3.450000000000000000e+02
2.610000000000000000e+02 2.790000000000000000e+02
3.400000000000000000e+02 1.890000000000000000e+02
4.070000000000000000e+02 2.080000000000000000e+02
3.890000000000000000e+02 2.280000000000000000e+02
4.490000000000000000e+02 2.040000000000000000e+02
3.760000000000000000e+02 2.250000000000000000e+02
2.800000000000000000e+02 2.880000000000000000e+02
3.230000000000000000e+02 1.460000000000000000e+02
3.420000000000000000e+02 1.550000000000000000e+02
3.400000000000000000e+02 1.460000000000000000e+02
3.920000000000000000e+02 1.010000000000000000e+02
3.340000000000000000e+02 1.230000000000000000e+02
3.270000000000000000e+02 1.160000000000000000e+02
3.160000000000000000e+02 1.010000000000000000e+02
3.250000000000000000e+02 9.700000000000000000e+01
3.230000000000000000e+02 6.900000000000000000e+01
3.030000000000000000e+02 6.700000000000000000e+01
3.700000000000000000e+02 1.000000000000000000e+00
1.640000000000000000e+02 1.830000000000000000e+02
2.300000000000000000e+02 7.100000000000000000e+01
2.580000000000000000e+02 6.300000000000000000e+01
1.040000000000000000e+02 1.500000000000000000e+02
8.600000000000000000e+01 1.890000000000000000e+02
9.500000000000000000e+01 2.680000000000000000e+02
2.900000000000000000e+01 2.360000000000000000e+02
4.800000000000000000e+01 1.080000000000000000e+02
3.300000000000000000e+01 1.080000000000000000e+02
1.100000000000000000e+02 5.400000000000000000e+01
1.510000000000000000e+02 3.100000000000000000e+01
1.700000000000000000e+02 2.000000000000000000e+01
2.090000000000000000e+02 1.100000000000000000e+02
3.420000000000000000e+02 1.500000000000000000e+01
