5.380000000000000000e+02 3.530000000000000000e+02
4.560000000000000000e+02 3.100000000000000000e+02
4.680000000000000000e+02 3.150000000000000000e+02
5.120000000000000000e+02 2.440000000000000000e+02
5.720000000000000000e+02 2.060000000000000000e+02
5.240000000000000000e+02 2.230000000000000000e+02
4.800000000000000000e+02 9.400000000000000000e+01
5.690000000000000000e+02 5.500000000000000000e+01
6.060000000000000000e+02 8.400000000000000000e+01
5.890000000000000000e+02 4.600000000000000000e+01
1.010000000000000000e+02 4.000000000000000000e+00
3.230000000000000000e+02 2.000000000000000000e+00
3.880000000000000000e+02 2.100000000000000000e+01
2.580000000000000000e+02 8.900000000000000000e+01
4.220000000000000000e+02 1.670000000000000000e+02
4.270000000000000000e+02 2.250000000000000000e+02
3.260000000000000000e+02 1.890000000000000000e+02
3.090000000000000000e+02 1.960000000000000000e+02
3.110000000000000000e+02 2.150000000000000000e+02
1.950000000000000000e+02 1.110000000000000000e+02
1.830000000000000000e+02 1.280000000000000000e+02
1.400000000000000000e+02 1.570000000000000000e+02
3.400000000000000000e+02 2.590000000000000000e+02
1.230000000000000000e+02 3.120000000000000000e+02
1.200000000000000000e+02 2.320000000000000000e+02
2.580000000000000000e+02 1.430000000000000000e+02
1.180000000000000000e+02 1.570000000000000000e+02
2.800000000000000000e+01 1.690000000000000000e+02
2.970000000000000000e+02 2.350000000000000000e+02
3.010000000000000000e+02 2.710000000000000000e+02
7.700000000000000000e+01 3.730000000000000000e+02
1.010000000000000000e+02 3.580000000000000000e+02
2.020000000000000000e+02 3.510000000000000000e+02
3.740000000000000000e+02 4.090000000000000000e+02
