1.000000000000000000e+00 1.252719999999999945e-01 7.195639999999999814e-01 8.966999999999999277e-03 7.939999999999999142e-03
0.000000000000000000e+00 1.210600000000000009e-01 7.014449999999999852e-01 3.261000000000000010e-03 1.078999999999999924e-02
1.000000000000000000e+00 1.552989999999999926e-01 6.348740000000000494e-01 4.348000000000000302e-03 1.078999999999999924e-02
0.000000000000000000e+00 1.805710000000000093e-01 6.152279999999999971e-01 5.977999999999999807e-03 1.710100000000000162e-02
0.000000000000000000e+00 2.198370000000000046e-01 6.793569999999999887e-01 4.619999999999999975e-03 1.506500000000000027e-02
0.000000000000000000e+00 2.088990000000000014e-01 7.017510000000000137e-01 7.472999999999999608e-03 8.142999999999999197e-03
0.000000000000000000e+00 2.131109999999999949e-01 7.115230000000000166e-01 6.386000000000000183e-03 8.958000000000000684e-03
0.000000000000000000e+00 2.146740000000000037e-01 7.189539999999999820e-01 8.696000000000000604e-03 5.089999999999999906e-03
0.000000000000000000e+00 2.390629999999999977e-01 7.162049999999999805e-01 6.386000000000000183e-03 1.221500000000000016e-02
0.000000000000000000e+00 2.496599999999999930e-01 7.048050000000000148e-01 3.939999999999999926e-03 1.302900000000000065e-02
0.000000000000000000e+00 2.673229999999999773e-01 7.063310000000000421e-01 7.200999999999999936e-03 7.125000000000000257e-03
0.000000000000000000e+00 2.839670000000000250e-01 6.983920000000000128e-01 2.174000000000000151e-03 1.445399999999999983e-02
0.000000000000000000e+00 2.895380000000000176e-01 7.012420000000000320e-01 3.261000000000000010e-03 1.323299999999999997e-02
0.000000000000000000e+00 2.860730000000000217e-01 7.143730000000000357e-01 2.582000000000000094e-03 1.221500000000000016e-02
0.000000000000000000e+00 2.447689999999999866e-01 6.737579999999999680e-01 7.745000000000000148e-03 7.532999999999999766e-03
0.000000000000000000e+00 2.538719999999999866e-01 6.641899999999999471e-01 6.113999999999999643e-03 8.347000000000000253e-03
0.000000000000000000e+00 2.800270000000000259e-01 6.210299999999999709e-01 6.793000000000000427e-03 1.078999999999999924e-02
0.000000000000000000e+00 1.611410000000000065e-01 5.921210000000000084e-01 3.533000000000000116e-03 1.445399999999999983e-02
0.000000000000000000e+00 2.155569999999999986e-01 5.669790000000000108e-01 4.211999999999999598e-03 1.221500000000000016e-02
0.000000000000000000e+00 2.595109999999999917e-01 5.721699999999999564e-01 4.075999999999999762e-03 1.363999999999999935e-02
1.000000000000000000e+00 1.881790000000000129e-01 5.364409999999999457e-01 8.696000000000000604e-03 4.885999999999999718e-03
1.000000000000000000e+00 1.627720000000000000e-01 5.268730000000000357e-01 5.434999999999999727e-03 1.343600000000000003e-02
0.000000000000000000e+00 2.694289999999999741e-01 4.998980000000000090e-01 6.250000000000000347e-03 1.078999999999999924e-02
0.000000000000000000e+00 2.624319999999999986e-01 4.404520000000000102e-01 8.288000000000000228e-03 8.753999999999999629e-03
0.000000000000000000e+00 2.081520000000000037e-01 4.445239999999999747e-01 4.891000000000000382e-03 1.323299999999999997e-02
0.000000000000000000e+00 2.342390000000000028e-01 3.399840000000000084e-01 8.151999999999999524e-03 6.106999999999999582e-03
0.000000000000000000e+00 2.747280000000000277e-01 2.991650000000000142e-01 8.423999999999999197e-03 7.125000000000000257e-03
1.000000000000000000e+00 3.005430000000000046e-01 2.893930000000000113e-01 7.336999999999999772e-03 1.160399999999999973e-02
1.000000000000000000e+00 3.316580000000000084e-01 3.230859999999999843e-01 9.239000000000000684e-03 8.550000000000000308e-03
1.000000000000000000e+00 3.440219999999999945e-01 2.570239999999999747e-01 8.423999999999999197e-03 7.939999999999999142e-03
1.000000000000000000e+00 4.156929999999999792e-01 3.334690000000000154e-01 8.016000000000000555e-03 4.885999999999999718e-03
0.000000000000000000e+00 4.226900000000000102e-01 3.333670000000000244e-01 7.879999999999999852e-03 7.125000000000000257e-03
0.000000000000000000e+00 4.602580000000000005e-01 2.975369999999999959e-01 5.027000000000000218e-03 1.526899999999999959e-02
0.000000000000000000e+00 4.406249999999999889e-01 2.685259999999999869e-01 7.879999999999999852e-03 1.465799999999999916e-02
0.000000000000000000e+00 4.351220000000000088e-01 2.493889999999999996e-01 8.559999999999999901e-03 1.343600000000000003e-02
0.000000000000000000e+00 4.473509999999999986e-01 3.607489999999999863e-01 8.831999999999999573e-03 5.292999999999999962e-03
0.000000000000000000e+00 4.358699999999999797e-01 3.475159999999999916e-01 6.522000000000000020e-03 1.140099999999999968e-02
1.000000000000000000e+00 4.240490000000000093e-01 3.853829999999999756e-01 7.336999999999999772e-03 4.479000000000000342e-03
1.000000000000000000e+00 4.211960000000000148e-01 3.857900000000000218e-01 2.716999999999999797e-03 1.058599999999999992e-02
0.000000000000000000e+00 4.183419999999999916e-01 3.899630000000000041e-01 2.716999999999999797e-03 1.323299999999999997e-02
0.000000000000000000e+00 4.093749999999999889e-01 4.468650000000000122e-01 7.336999999999999772e-03 8.550000000000000308e-03
0.000000000000000000e+00 4.563860000000000139e-01 4.648820000000000174e-01 5.163000000000000055e-03 1.078999999999999924e-02
0.000000000000000000e+00 4.144019999999999926e-01 4.692589999999999817e-01 5.434999999999999727e-03 1.302900000000000065e-02
0.000000000000000000e+00 3.974179999999999935e-01 4.710909999999999820e-01 2.716999999999999797e-03 1.262199999999999954e-02
0.000000000000000000e+00 3.875000000000000111e-01 4.534810000000000230e-01 2.716999999999999797e-03 1.282600000000000059e-02
0.000000000000000000e+00 3.792119999999999935e-01 4.256920000000000148e-01 4.348000000000000302e-03 1.465799999999999916e-02
1.000000000000000000e+00 3.525139999999999940e-01 3.939329999999999776e-01 4.754999999999999678e-03 8.142999999999999197e-03
0.000000000000000000e+00 2.965349999999999930e-01 4.218239999999999768e-01 5.571000000000000431e-03 1.180800000000000079e-02
0.000000000000000000e+00 3.387910000000000088e-01 4.618280000000000163e-01 8.288000000000000228e-03 5.089999999999999906e-03
0.000000000000000000e+00 4.558420000000000250e-01 5.342019999999999547e-01 8.151999999999999524e-03 4.072000000000000099e-03
0.000000000000000000e+00 4.079479999999999773e-01 5.168970000000000509e-01 6.113999999999999643e-03 1.099299999999999930e-02
0.000000000000000000e+00 4.008149999999999769e-01 5.383750000000000480e-01 3.533000000000000116e-03 1.160399999999999973e-02
0.000000000000000000e+00 3.880430000000000268e-01 5.282980000000000453e-01 3.261000000000000010e-03 1.180800000000000079e-02
0.000000000000000000e+00 3.312499999999999889e-01 5.095680000000000209e-01 1.086999999999999945e-02 7.328999999999999578e-03
0.000000000000000000e+00 3.294159999999999866e-01 5.184239999999999959e-01 4.211999999999999598e-03 1.160399999999999973e-02
0.000000000000000000e+00 3.286009999999999764e-01 5.449920000000000320e-01 6.657999999999999856e-03 1.221500000000000016e-02
0.000000000000000000e+00 3.471469999999999834e-01 5.780739999999999768e-01 8.966999999999999277e-03 4.682000000000000398e-03
0.000000000000000000e+00 2.943609999999999838e-01 6.048449999999999660e-01 4.211999999999999598e-03 1.017900000000000055e-02
0.000000000000000000e+00 3.469430000000000014e-01 6.269339999999999913e-01 3.125000000000000173e-03 1.119700000000000036e-02
0.000000000000000000e+00 3.980299999999999949e-01 6.247960000000000180e-01 9.102999999999999980e-03 6.922000000000000201e-03
1.000000000000000000e+00 4.208560000000000079e-01 6.001630000000000020e-01 6.657999999999999856e-03 8.142999999999999197e-03
0.000000000000000000e+00 3.412359999999999838e-01 7.139659999999999895e-01 8.288000000000000228e-03 7.735999999999999821e-03
0.000000000000000000e+00 3.648100000000000231e-01 7.055169999999999497e-01 3.804000000000000090e-03 1.282600000000000059e-02
0.000000000000000000e+00 3.957879999999999732e-01 7.014449999999999852e-01 5.434999999999999727e-03 9.161000000000000740e-03
0.000000000000000000e+00 3.802989999999999982e-01 6.763029999999999875e-01 6.522000000000000020e-03 5.292999999999999962e-03
0.000000000000000000e+00 3.807070000000000176e-01 7.099959999999999605e-01 6.522000000000000020e-03 6.310999999999999770e-03
1.000000000000000000e+00 4.161679999999999824e-01 7.098940000000000250e-01 4.891000000000000382e-03 4.885999999999999718e-03
1.000000000000000000e+00 4.124999999999999778e-01 6.606269999999999643e-01 8.696000000000000604e-03 5.700000000000000205e-03
1.000000000000000000e+00 4.494569999999999954e-01 6.558429999999999538e-01 4.075999999999999762e-03 1.119700000000000036e-02
1.000000000000000000e+00 4.807069999999999954e-01 6.410829999999999584e-01 4.075999999999999762e-03 1.180800000000000079e-02
1.000000000000000000e+00 4.929350000000000120e-01 6.999189999999999579e-01 4.619999999999999975e-03 1.343600000000000003e-02
0.000000000000000000e+00 4.647419999999999884e-01 6.989009999999999945e-01 2.582000000000000094e-03 1.384400000000000040e-02
0.000000000000000000e+00 4.632470000000000199e-01 6.707039999999999669e-01 8.288000000000000228e-03 4.682000000000000398e-03
0.000000000000000000e+00 4.186819999999999986e-01 7.113190000000000346e-01 6.657999999999999856e-03 5.700000000000000205e-03
0.000000000000000000e+00 4.264950000000000130e-01 6.900450000000000195e-01 5.977999999999999807e-03 8.753999999999999629e-03
0.000000000000000000e+00 4.219430000000000125e-01 6.862789999999999724e-01 7.472999999999999608e-03 5.292999999999999962e-03
0.000000000000000000e+00 4.656250000000000111e-01 6.599140000000000006e-01 5.707000000000000267e-03 9.568000000000000116e-03
0.000000000000000000e+00 4.368210000000000148e-01 6.655130000000000212e-01 6.793000000000000427e-03 4.479000000000000342e-03
0.000000000000000000e+00 4.326090000000000213e-01 6.617469999999999741e-01 7.336999999999999772e-03 4.682000000000000398e-03
0.000000000000000000e+00 4.282610000000000028e-01 6.605250000000000288e-01 5.434999999999999727e-03 8.347000000000000253e-03
0.000000000000000000e+00 4.717390000000000194e-01 5.430580000000000407e-01 5.707000000000000267e-03 1.038299999999999987e-02
0.000000000000000000e+00 4.848509999999999764e-01 5.293160000000000087e-01 6.386000000000000183e-03 8.958000000000000684e-03
1.000000000000000000e+00 4.685460000000000180e-01 5.140470000000000317e-01 2.582000000000000094e-03 1.099299999999999930e-02
0.000000000000000000e+00 4.671199999999999797e-01 5.075330000000000119e-01 8.151999999999999524e-03 4.885999999999999718e-03
1.000000000000000000e+00 4.784649999999999737e-01 4.577570000000000250e-01 2.853000000000000067e-03 1.323299999999999997e-02
0.000000000000000000e+00 4.747279999999999833e-01 4.197879999999999945e-01 2.445999999999999824e-03 1.343600000000000003e-02
0.000000000000000000e+00 4.712640000000000162e-01 1.939130000000000020e-01 8.016000000000000555e-03 5.089999999999999906e-03
0.000000000000000000e+00 4.955840000000000245e-01 2.473529999999999895e-01 6.386000000000000183e-03 8.550000000000000308e-03
0.000000000000000000e+00 4.753399999999999848e-01 2.421619999999999884e-01 3.396999999999999846e-03 1.160399999999999973e-02
0.000000000000000000e+00 4.772419999999999995e-01 2.306600000000000039e-01 5.841999999999999971e-03 5.700000000000000205e-03
0.000000000000000000e+00 4.794840000000000213e-01 2.333060000000000134e-01 5.707000000000000267e-03 6.922000000000000201e-03
1.000000000000000000e+00 4.809100000000000041e-01 2.357489999999999863e-01 6.657999999999999856e-03 5.700000000000000205e-03
0.000000000000000000e+00 5.368209999999999926e-01 1.683630000000000126e-01 8.966999999999999277e-03 4.479000000000000342e-03
0.000000000000000000e+00 5.286009999999999875e-01 2.184450000000000003e-01 5.027000000000000218e-03 1.140099999999999968e-02
0.000000000000000000e+00 5.538039999999999630e-01 2.135589999999999988e-01 2.988999999999999903e-03 1.099299999999999930e-02
0.000000000000000000e+00 5.911009999999999875e-01 1.971700000000000119e-01 2.037999999999999881e-03 1.078999999999999924e-02
0.000000000000000000e+00 6.059099999999999486e-01 1.992059999999999942e-01 4.484000000000000138e-03 1.119700000000000036e-02
0.000000000000000000e+00 6.173229999999999551e-01 2.308630000000000126e-01 2.582000000000000094e-03 1.058599999999999992e-02
0.000000000000000000e+00 6.202450000000000463e-01 2.404320000000000068e-01 4.619999999999999975e-03 1.058599999999999992e-02
0.000000000000000000e+00 6.469430000000000458e-01 2.212949999999999917e-01 5.571000000000000431e-03 1.058599999999999992e-02
0.000000000000000000e+00 6.388589999999999547e-01 2.389050000000000062e-01 6.793000000000000427e-03 4.275000000000000154e-03
1.000000000000000000e+00 6.383830000000000338e-01 2.441979999999999984e-01 9.374999999999999653e-03 4.682000000000000398e-03
0.000000000000000000e+00 5.743890000000000384e-01 2.293360000000000121e-01 3.125000000000000173e-03 1.404700000000000046e-02
0.000000000000000000e+00 5.173229999999999773e-01 2.712740000000000151e-01 8.559999999999999901e-03 6.310999999999999770e-03
0.000000000000000000e+00 5.217389999999999528e-01 2.724960000000000160e-01 5.977999999999999807e-03 9.161000000000000740e-03
0.000000000000000000e+00 5.468750000000000000e-01 2.547840000000000105e-01 7.336999999999999772e-03 8.753999999999999629e-03
1.000000000000000000e+00 5.325410000000000421e-01 2.938720000000000221e-01 5.841999999999999971e-03 9.976000000000000492e-03
1.000000000000000000e+00 5.673230000000000217e-01 3.019140000000000157e-01 7.472999999999999608e-03 6.106999999999999582e-03
0.000000000000000000e+00 5.880429999999999824e-01 2.815549999999999997e-01 6.793000000000000427e-03 7.328999999999999578e-03
1.000000000000000000e+00 6.288719999999999866e-01 3.000809999999999866e-01 2.853000000000000067e-03 1.180800000000000079e-02
1.000000000000000000e+00 6.187500000000000222e-01 3.007940000000000058e-01 6.250000000000000347e-03 9.568000000000000116e-03
0.000000000000000000e+00 5.724179999999999824e-01 3.072070000000000078e-01 5.977999999999999807e-03 1.017900000000000055e-02
0.000000000000000000e+00 5.582200000000000495e-01 3.023210000000000064e-01 6.929000000000000263e-03 1.099299999999999930e-02
0.000000000000000000e+00 5.562500000000000222e-01 3.099549999999999805e-01 7.879999999999999852e-03 5.497000000000000150e-03
0.000000000000000000e+00 5.971469999999999834e-01 3.256310000000000038e-01 7.879999999999999852e-03 6.718000000000000013e-03
0.000000000000000000e+00 6.460599999999999676e-01 3.461929999999999730e-01 8.696000000000000604e-03 7.125000000000000257e-03
0.000000000000000000e+00 6.649460000000000370e-01 3.214580000000000215e-01 2.988999999999999903e-03 1.465799999999999916e-02
0.000000000000000000e+00 5.806390000000000162e-01 3.280739999999999768e-01 3.667999999999999820e-03 1.119700000000000036e-02
0.000000000000000000e+00 5.524459999999999926e-01 3.645149999999999779e-01 3.533000000000000116e-03 1.526899999999999959e-02
0.000000000000000000e+00 5.228260000000000129e-01 3.820239999999999747e-01 7.609000000000000312e-03 1.160399999999999973e-02
0.000000000000000000e+00 5.093069999999999542e-01 3.480249999999999733e-01 3.939999999999999926e-03 1.282600000000000059e-02
0.000000000000000000e+00 5.087639999999999940e-01 4.292549999999999977e-01 5.841999999999999971e-03 1.160399999999999973e-02
0.000000000000000000e+00 5.504080000000000084e-01 4.272190000000000154e-01 5.707000000000000267e-03 9.976000000000000492e-03
1.000000000000000000e+00 5.650140000000000162e-01 4.160220000000000029e-01 7.745000000000000148e-03 5.904000000000000394e-03
0.000000000000000000e+00 5.762909999999999977e-01 4.118490000000000206e-01 8.288000000000000228e-03 6.106999999999999582e-03
0.000000000000000000e+00 5.815900000000000514e-01 4.056390000000000273e-01 5.841999999999999971e-03 7.939999999999999142e-03
0.000000000000000000e+00 5.790079999999999671e-01 3.797840000000000105e-01 4.484000000000000138e-03 1.160399999999999973e-02
0.000000000000000000e+00 5.949050000000000171e-01 3.942390000000000061e-01 8.016000000000000555e-03 5.904000000000000394e-03
1.000000000000000000e+00 6.081520000000000259e-01 3.772389999999999910e-01 5.707000000000000267e-03 4.479000000000000342e-03
0.000000000000000000e+00 6.082880000000000509e-01 3.804969999999999741e-01 9.239000000000000684e-03 7.328999999999999578e-03
0.000000000000000000e+00 6.095789999999999820e-01 3.966819999999999791e-01 3.667999999999999820e-03 1.201100000000000084e-02
0.000000000000000000e+00 6.558420000000000361e-01 3.713359999999999994e-01 7.879999999999999852e-03 5.292999999999999962e-03
0.000000000000000000e+00 6.510869999999999713e-01 3.912869999999999959e-01 2.716999999999999797e-03 1.221500000000000016e-02
0.000000000000000000e+00 6.485049999999999981e-01 3.999389999999999890e-01 4.075999999999999762e-03 1.160399999999999973e-02
0.000000000000000000e+00 6.508829999999999893e-01 4.126630000000000020e-01 7.745000000000000148e-03 9.771999999999999437e-03
0.000000000000000000e+00 5.682739999999999458e-01 4.273210000000000064e-01 7.200999999999999936e-03 8.550000000000000308e-03
0.000000000000000000e+00 5.969430000000000014e-01 4.383139999999999814e-01 5.571000000000000431e-03 1.017900000000000055e-02
0.000000000000000000e+00 5.953800000000000203e-01 4.408590000000000009e-01 5.434999999999999727e-03 9.161000000000000740e-03
0.000000000000000000e+00 5.872960000000000402e-01 4.505290000000000128e-01 3.396999999999999846e-03 1.425099999999999978e-02
0.000000000000000000e+00 5.831520000000000037e-01 4.510379999999999945e-01 7.065000000000000099e-03 7.532999999999999766e-03
0.000000000000000000e+00 5.858020000000000449e-01 4.684450000000000003e-01 2.853000000000000067e-03 1.425099999999999978e-02
0.000000000000000000e+00 5.821330000000000116e-01 4.716000000000000192e-01 6.929000000000000263e-03 6.310999999999999770e-03
0.000000000000000000e+00 5.830159999999999787e-01 4.824919999999999765e-01 4.891000000000000382e-03 1.017900000000000055e-02
0.000000000000000000e+00 5.827449999999999575e-01 5.055990000000000206e-01 5.434999999999999727e-03 1.078999999999999924e-02
1.000000000000000000e+00 6.138590000000000435e-01 4.681390000000000273e-01 4.075999999999999762e-03 1.078999999999999924e-02
1.000000000000000000e+00 6.366169999999999884e-01 4.931800000000000073e-01 4.211999999999999598e-03 1.201100000000000084e-02
0.000000000000000000e+00 6.286680000000000046e-01 4.856469999999999954e-01 5.707000000000000267e-03 1.119700000000000036e-02
0.000000000000000000e+00 6.201090000000000213e-01 4.973529999999999895e-01 8.151999999999999524e-03 1.099299999999999930e-02
1.000000000000000000e+00 6.088320000000000398e-01 5.034610000000000474e-01 6.793000000000000427e-03 1.058599999999999992e-02
0.000000000000000000e+00 5.258829999999999893e-01 4.560259999999999869e-01 4.754999999999999678e-03 1.180800000000000079e-02
0.000000000000000000e+00 5.092389999999999972e-01 5.030540000000000012e-01 4.348000000000000302e-03 1.262199999999999954e-02
0.000000000000000000e+00 5.124319999999999986e-01 5.192390000000000061e-01 4.484000000000000138e-03 1.323299999999999997e-02
0.000000000000000000e+00 5.352580000000000116e-01 5.311479999999999535e-01 8.288000000000000228e-03 1.058599999999999992e-02
0.000000000000000000e+00 5.266300000000000425e-01 5.563930000000000264e-01 7.065000000000000099e-03 1.017900000000000055e-02
0.000000000000000000e+00 5.487090000000000023e-01 5.574099999999999611e-01 6.929000000000000263e-03 1.058599999999999992e-02
0.000000000000000000e+00 5.264269999999999783e-01 5.769539999999999669e-01 9.102999999999999980e-03 7.735999999999999821e-03
0.000000000000000000e+00 5.332879999999999843e-01 5.908999999999999808e-01 5.977999999999999807e-03 1.241899999999999948e-02
0.000000000000000000e+00 5.410329999999999862e-01 5.957860000000000378e-01 2.988999999999999903e-03 1.363999999999999935e-02
0.000000000000000000e+00 6.527849999999999486e-01 5.445849999999999858e-01 3.667999999999999820e-03 1.140099999999999968e-02
0.000000000000000000e+00 6.568610000000000282e-01 5.498779999999999779e-01 5.027000000000000218e-03 8.958000000000000684e-03
0.000000000000000000e+00 6.407610000000000250e-01 5.686069999999999736e-01 8.423999999999999197e-03 4.072000000000000099e-03
0.000000000000000000e+00 6.290080000000000116e-01 6.029109999999999747e-01 5.027000000000000218e-03 1.160399999999999973e-02
0.000000000000000000e+00 5.860729999999999551e-01 5.923249999999999904e-01 5.571000000000000431e-03 1.119700000000000036e-02
1.000000000000000000e+00 5.200409999999999755e-01 6.084079999999999488e-01 8.831999999999999573e-03 7.125000000000000257e-03
1.000000000000000000e+00 5.097829999999999862e-01 6.489209999999999701e-01 7.609000000000000312e-03 6.718000000000000013e-03
0.000000000000000000e+00 5.063860000000000028e-01 6.760990000000000055e-01 3.261000000000000010e-03 1.262199999999999954e-02
0.000000000000000000e+00 5.506790000000000296e-01 6.433219999999999494e-01 4.619999999999999975e-03 1.140099999999999968e-02
0.000000000000000000e+00 5.516299999999999537e-01 6.642919999999999936e-01 3.533000000000000116e-03 1.384400000000000040e-02
0.000000000000000000e+00 5.716029999999999722e-01 6.792550000000000532e-01 4.348000000000000302e-03 1.282600000000000059e-02
0.000000000000000000e+00 6.111410000000000453e-01 6.782369999999999788e-01 6.793000000000000427e-03 1.078999999999999924e-02
0.000000000000000000e+00 5.726219999999999644e-01 7.130499999999999616e-01 8.288000000000000228e-03 7.939999999999999142e-03
0.000000000000000000e+00 5.521740000000000537e-01 7.026670000000000416e-01 8.151999999999999524e-03 7.125000000000000257e-03
0.000000000000000000e+00 5.385870000000000379e-01 6.922840000000000105e-01 5.977999999999999807e-03 1.119700000000000036e-02
0.000000000000000000e+00 5.012229999999999741e-01 7.102000000000000535e-01 5.163000000000000055e-03 1.119700000000000036e-02
0.000000000000000000e+00 5.026490000000000125e-01 6.929969999999999741e-01 9.102999999999999980e-03 6.514999999999999958e-03
0.000000000000000000e+00 5.122280000000000166e-01 7.032779999999999587e-01 6.793000000000000427e-03 7.532999999999999766e-03
1.000000000000000000e+00 5.114130000000000065e-01 7.090800000000000436e-01 8.423999999999999197e-03 4.072000000000000099e-03
0.000000000000000000e+00 6.879079999999999639e-01 6.844459999999999988e-01 6.793000000000000427e-03 5.292999999999999962e-03
0.000000000000000000e+00 6.900140000000000162e-01 6.774229999999999974e-01 3.667999999999999820e-03 1.282600000000000059e-02
0.000000000000000000e+00 6.771740000000000537e-01 6.399629999999999486e-01 6.522000000000000020e-03 1.241899999999999948e-02
0.000000000000000000e+00 6.923230000000000217e-01 6.291729999999999823e-01 6.113999999999999643e-03 1.038299999999999987e-02
0.000000000000000000e+00 7.175949999999999829e-01 6.427119999999999500e-01 9.917999999999999733e-03 6.922000000000000201e-03
0.000000000000000000e+00 7.560459999999999958e-01 6.364009999999999945e-01 3.667999999999999820e-03 1.710100000000000162e-02
0.000000000000000000e+00 7.638589999999999547e-01 6.365020000000000122e-01 5.163000000000000055e-03 1.404700000000000046e-02
0.000000000000000000e+00 7.278529999999999722e-01 5.819419999999999593e-01 6.250000000000000347e-03 1.363999999999999935e-02
0.000000000000000000e+00 7.338320000000000398e-01 5.797029999999999683e-01 4.075999999999999762e-03 1.119700000000000036e-02
1.000000000000000000e+00 6.806389999999999940e-01 4.677319999999999811e-01 5.841999999999999971e-03 1.119700000000000036e-02
0.000000000000000000e+00 7.114810000000000301e-01 5.336929999999999730e-01 4.484000000000000138e-03 1.160399999999999973e-02
0.000000000000000000e+00 7.192260000000000320e-01 5.355250000000000288e-01 7.745000000000000148e-03 9.161000000000000740e-03
0.000000000000000000e+00 7.710599999999999676e-01 5.327769999999999451e-01 6.793000000000000427e-03 7.735999999999999821e-03
0.000000000000000000e+00 7.957880000000000509e-01 5.233100000000000529e-01 7.065000000000000099e-03 7.125000000000000257e-03
0.000000000000000000e+00 7.944290000000000518e-01 4.906349999999999878e-01 7.065000000000000099e-03 6.514999999999999958e-03
0.000000000000000000e+00 7.854619999999999935e-01 4.900240000000000151e-01 5.434999999999999727e-03 1.262199999999999954e-02
0.000000000000000000e+00 7.941580000000000306e-01 4.422840000000000105e-01 3.804000000000000090e-03 1.323299999999999997e-02
1.000000000000000000e+00 7.798910000000000009e-01 4.203990000000000227e-01 8.151999999999999524e-03 7.328999999999999578e-03
0.000000000000000000e+00 7.087639999999999496e-01 3.871129999999999849e-01 1.127700000000000057e-02 4.682000000000000398e-03
1.000000000000000000e+00 6.915080000000000116e-01 4.056390000000000273e-01 9.374999999999999653e-03 9.568000000000000116e-03
0.000000000000000000e+00 6.703799999999999759e-01 3.600369999999999959e-01 3.261000000000000010e-03 1.282600000000000059e-02
0.000000000000000000e+00 7.162359999999999838e-01 3.704189999999999983e-01 9.646999999999999326e-03 8.347000000000000253e-03
0.000000000000000000e+00 6.937499999999999778e-01 3.587130000000000041e-01 8.151999999999999524e-03 1.140099999999999968e-02
0.000000000000000000e+00 7.458559999999999635e-01 3.405940000000000079e-01 9.102999999999999980e-03 6.106999999999999582e-03
0.000000000000000000e+00 7.510869999999999491e-01 3.605459999999999776e-01 3.804000000000000090e-03 1.669400000000000051e-02
0.000000000000000000e+00 7.574729999999999519e-01 3.583060000000000134e-01 4.891000000000000382e-03 1.099299999999999930e-02
0.000000000000000000e+00 6.684780000000000166e-01 3.024229999999999974e-01 3.261000000000000010e-03 1.404700000000000046e-02
0.000000000000000000e+00 6.786010000000000097e-01 3.112789999999999724e-01 5.841999999999999971e-03 1.058599999999999992e-02
0.000000000000000000e+00 7.042119999999999491e-01 2.967219999999999858e-01 8.151999999999999524e-03 6.718000000000000013e-03
0.000000000000000000e+00 6.810460000000000402e-01 2.447070000000000078e-01 3.667999999999999820e-03 1.262199999999999954e-02
0.000000000000000000e+00 7.072009999999999685e-01 2.618079999999999852e-01 5.707000000000000267e-03 1.058599999999999992e-02
0.000000000000000000e+00 7.122279999999999722e-01 2.693400000000000238e-01 4.348000000000000302e-03 1.221500000000000016e-02
0.000000000000000000e+00 6.884510000000000352e-01 2.755500000000000171e-01 7.336999999999999772e-03 8.347000000000000253e-03
0.000000000000000000e+00 7.219430000000000014e-01 3.081229999999999802e-01 8.831999999999999573e-03 5.089999999999999906e-03
0.000000000000000000e+00 7.100539999999999630e-01 3.045599999999999974e-01 5.977999999999999807e-03 1.140099999999999968e-02
0.000000000000000000e+00 6.835599999999999454e-01 2.894950000000000023e-01 1.005400000000000044e-02 4.072000000000000099e-03
0.000000000000000000e+00 6.811819999999999542e-01 2.945849999999999858e-01 8.016000000000000555e-03 6.106999999999999582e-03
0.000000000000000000e+00 6.822690000000000143e-01 2.977400000000000047e-01 7.745000000000000148e-03 5.904000000000000394e-03
1.000000000000000000e+00 7.052990000000000093e-01 3.285830000000000140e-01 4.891000000000000382e-03 9.771999999999999437e-03
0.000000000000000000e+00 8.485049999999999537e-01 6.715189999999999770e-01 9.511000000000000357e-03 7.532999999999999766e-03
