0.000000000000000000e+00 8.272420000000000329e-01 6.942180000000000017e-01 6.386000000000000183e-03 8.142999999999999197e-03
0.000000000000000000e+00 8.559780000000000166e-01 6.506509999999999794e-01 7.879999999999999852e-03 6.514999999999999958e-03
0.000000000000000000e+00 8.731659999999999977e-01 6.434239999999999959e-01 2.853000000000000067e-03 1.282600000000000059e-02
0.000000000000000000e+00 8.294839999999999991e-01 6.396579999999999488e-01 5.707000000000000267e-03 6.514999999999999958e-03
0.000000000000000000e+00 8.298910000000000453e-01 6.192999999999999616e-01 8.151999999999999524e-03 4.072000000000000099e-03
0.000000000000000000e+00 8.201089999999999769e-01 6.451550000000000340e-01 7.065000000000000099e-03 8.958000000000000684e-03
0.000000000000000000e+00 7.708559999999999857e-01 6.889250000000000096e-01 9.374999999999999653e-03 3.664000000000000156e-03
0.000000000000000000e+00 7.423229999999999551e-01 6.738600000000000145e-01 7.745000000000000148e-03 4.479000000000000342e-03
0.000000000000000000e+00 8.262230000000000407e-01 5.867259999999999698e-01 7.609000000000000312e-03 6.106999999999999582e-03
0.000000000000000000e+00 8.216710000000000402e-01 5.804150000000000142e-01 7.200999999999999936e-03 4.885999999999999718e-03
0.000000000000000000e+00 7.451769999999999783e-01 5.661640000000000006e-01 5.571000000000000431e-03 1.221500000000000016e-02
0.000000000000000000e+00 7.825410000000000421e-01 5.300289999999999724e-01 4.211999999999999598e-03 1.201100000000000084e-02
0.000000000000000000e+00 7.999319999999999764e-01 5.204600000000000337e-01 7.745000000000000148e-03 5.089999999999999906e-03
0.000000000000000000e+00 7.821329999999999671e-01 4.893120000000000247e-01 9.646999999999999326e-03 5.089999999999999906e-03
0.000000000000000000e+00 7.139950000000000463e-01 6.450529999999999875e-01 4.348000000000000302e-03 1.201100000000000084e-02
0.000000000000000000e+00 7.137229999999999963e-01 6.015880000000000116e-01 6.793000000000000427e-03 9.365000000000000061e-03
0.000000000000000000e+00 7.213319999999999732e-01 5.623979999999999535e-01 6.793000000000000427e-03 1.038299999999999987e-02
0.000000000000000000e+00 7.235049999999999537e-01 5.341000000000000192e-01 5.707000000000000267e-03 7.125000000000000257e-03
1.000000000000000000e+00 7.233020000000000005e-01 5.262620000000000076e-01 5.027000000000000218e-03 1.017900000000000055e-02
0.000000000000000000e+00 7.249999999999999778e-01 4.671210000000000084e-01 8.423999999999999197e-03 4.275000000000000154e-03
0.000000000000000000e+00 7.485730000000000439e-01 4.800490000000000035e-01 3.125000000000000173e-03 1.180800000000000079e-02
0.000000000000000000e+00 7.618209999999999704e-01 4.769950000000000023e-01 4.348000000000000302e-03 1.262199999999999954e-02
0.000000000000000000e+00 7.611409999999999565e-01 4.609119999999999884e-01 6.250000000000000347e-03 9.771999999999999437e-03
0.000000000000000000e+00 7.612090000000000245e-01 4.533789999999999765e-01 5.027000000000000218e-03 1.221500000000000016e-02
0.000000000000000000e+00 7.974179999999999602e-01 4.586729999999999974e-01 4.348000000000000302e-03 6.106999999999999582e-03
0.000000000000000000e+00 8.002040000000000264e-01 4.568400000000000238e-01 6.113999999999999643e-03 1.099299999999999930e-02
0.000000000000000000e+00 7.080159999999999787e-01 3.514860000000000206e-01 6.250000000000000347e-03 9.568000000000000116e-03
0.000000000000000000e+00 7.044839999999999991e-01 3.963760000000000061e-01 5.707000000000000267e-03 6.922000000000000201e-03
0.000000000000000000e+00 7.340349999999999930e-01 3.764250000000000096e-01 5.841999999999999971e-03 4.479000000000000342e-03
1.000000000000000000e+00 7.347829999999999639e-01 4.029929999999999901e-01 6.522000000000000020e-03 9.161000000000000740e-03
0.000000000000000000e+00 7.669839999999999991e-01 3.716409999999999991e-01 2.445999999999999824e-03 1.078999999999999924e-02
1.000000000000000000e+00 7.907610000000000472e-01 3.891490000000000227e-01 2.445999999999999824e-03 1.119700000000000036e-02
0.000000000000000000e+00 7.822689999999999921e-01 4.175490000000000035e-01 5.027000000000000218e-03 8.958000000000000684e-03
0.000000000000000000e+00 7.622280000000000166e-01 4.111360000000000015e-01 7.336999999999999772e-03 7.125000000000000257e-03
0.000000000000000000e+00 7.587639999999999940e-01 3.408999999999999808e-01 3.667999999999999820e-03 1.404700000000000046e-02
0.000000000000000000e+00 7.204479999999999773e-01 2.712740000000000151e-01 6.657999999999999856e-03 9.976000000000000492e-03
0.000000000000000000e+00 7.154209999999999736e-01 3.061889999999999890e-01 4.211999999999999598e-03 1.180800000000000079e-02
0.000000000000000000e+00 5.516980000000000217e-01 1.771169999999999967e-01 5.841999999999999971e-03 8.142999999999999197e-03
0.000000000000000000e+00 5.648100000000000342e-01 1.846500000000000086e-01 7.336999999999999772e-03 3.664000000000000156e-03
0.000000000000000000e+00 6.459920000000000107e-01 2.576339999999999741e-01 5.841999999999999971e-03 8.753999999999999629e-03
0.000000000000000000e+00 5.502719999999999834e-01 3.301100000000000145e-01 4.619999999999999975e-03 1.038299999999999987e-02
1.000000000000000000e+00 6.148780000000000356e-01 3.494499999999999829e-01 3.125000000000000173e-03 1.201100000000000084e-02
0.000000000000000000e+00 6.273100000000000342e-01 3.392709999999999892e-01 3.261000000000000010e-03 1.445399999999999983e-02
1.000000000000000000e+00 6.633829999999999449e-01 3.527080000000000215e-01 6.657999999999999856e-03 8.347000000000000253e-03
0.000000000000000000e+00 6.843069999999999986e-01 3.199310000000000209e-01 9.374999999999999653e-03 3.053999999999999857e-03
0.000000000000000000e+00 6.906930000000000014e-01 3.229850000000000221e-01 3.125000000000000173e-03 1.078999999999999924e-02
0.000000000000000000e+00 6.961279999999999690e-01 3.502649999999999930e-01 3.125000000000000173e-03 1.201100000000000084e-02
0.000000000000000000e+00 6.097829999999999639e-01 3.851789999999999936e-01 2.716999999999999797e-03 1.221500000000000016e-02
0.000000000000000000e+00 5.501359999999999584e-01 4.540919999999999956e-01 6.250000000000000347e-03 9.161000000000000740e-03
0.000000000000000000e+00 5.847149999999999848e-01 4.500199999999999756e-01 7.745000000000000148e-03 6.310999999999999770e-03
0.000000000000000000e+00 5.843070000000000208e-01 4.644750000000000267e-01 6.113999999999999643e-03 7.125000000000000257e-03
0.000000000000000000e+00 5.919159999999999977e-01 4.685460000000000180e-01 4.754999999999999678e-03 9.976000000000000492e-03
0.000000000000000000e+00 5.869569999999999510e-01 4.890070000000000250e-01 7.879999999999999852e-03 6.922000000000000201e-03
0.000000000000000000e+00 6.033290000000000042e-01 4.857489999999999863e-01 3.125000000000000173e-03 1.343600000000000003e-02
0.000000000000000000e+00 6.088320000000000398e-01 4.987789999999999724e-01 6.793000000000000427e-03 8.142999999999999197e-03
0.000000000000000000e+00 6.763590000000000435e-01 4.592829999999999968e-01 8.966999999999999277e-03 5.292999999999999962e-03
0.000000000000000000e+00 6.715349999999999930e-01 4.681390000000000273e-01 8.016000000000000555e-03 7.532999999999999766e-03
1.000000000000000000e+00 6.728939999999999921e-01 4.931800000000000073e-01 3.939999999999999926e-03 1.282600000000000059e-02
0.000000000000000000e+00 6.024460000000000370e-01 5.317589999999999817e-01 5.977999999999999807e-03 1.017900000000000055e-02
1.000000000000000000e+00 6.087639999999999718e-01 5.334889999999999910e-01 5.841999999999999971e-03 9.161000000000000740e-03
0.000000000000000000e+00 6.074049999999999727e-01 5.406149999999999567e-01 4.754999999999999678e-03 9.568000000000000116e-03
0.000000000000000000e+00 5.482339999999999991e-01 5.842829999999999968e-01 7.879999999999999852e-03 5.292999999999999962e-03
1.000000000000000000e+00 5.727579999999999893e-01 5.796010000000000328e-01 6.113999999999999643e-03 1.262199999999999954e-02
0.000000000000000000e+00 6.302309999999999857e-01 5.583270000000000177e-01 6.657999999999999856e-03 9.161000000000000740e-03
0.000000000000000000e+00 6.342389999999999972e-01 5.656560000000000477e-01 7.609000000000000312e-03 5.089999999999999906e-03
0.000000000000000000e+00 5.951769999999999561e-01 6.101379999999999582e-01 2.582000000000000094e-03 1.262199999999999954e-02
0.000000000000000000e+00 5.608699999999999797e-01 6.430169999999999497e-01 7.609000000000000312e-03 3.461000000000000101e-03
0.000000000000000000e+00 5.637910000000000421e-01 6.466819999999999791e-01 7.472999999999999608e-03 3.461000000000000101e-03
0.000000000000000000e+00 5.623639999999999750e-01 6.533999999999999808e-01 4.619999999999999975e-03 1.078999999999999924e-02
0.000000000000000000e+00 5.858700000000000019e-01 6.378260000000000041e-01 8.423999999999999197e-03 3.664000000000000156e-03
0.000000000000000000e+00 5.972150000000000514e-01 6.352809999999999846e-01 2.582000000000000094e-03 1.201100000000000084e-02
1.000000000000000000e+00 6.027850000000000152e-01 6.337540000000000395e-01 8.559999999999999901e-03 5.700000000000000205e-03
0.000000000000000000e+00 5.518340000000000467e-01 6.803749999999999520e-01 6.113999999999999643e-03 9.365000000000000061e-03
0.000000000000000000e+00 5.776489999999999680e-01 6.735550000000000148e-01 8.016000000000000555e-03 5.497000000000000150e-03
0.000000000000000000e+00 5.794160000000000421e-01 6.649019999999999930e-01 6.386000000000000183e-03 4.885999999999999718e-03
1.000000000000000000e+00 5.850539999999999630e-01 6.434239999999999959e-01 6.793000000000000427e-03 7.125000000000000257e-03
0.000000000000000000e+00 5.983020000000000005e-01 6.552320000000000366e-01 5.027000000000000218e-03 1.404700000000000046e-02
0.000000000000000000e+00 5.856660000000000199e-01 6.790509999999999602e-01 4.754999999999999678e-03 9.161000000000000740e-03
0.000000000000000000e+00 5.901490000000000347e-01 6.816980000000000262e-01 5.841999999999999971e-03 9.161000000000000740e-03
0.000000000000000000e+00 6.141980000000000217e-01 6.855660000000000087e-01 6.113999999999999643e-03 8.753999999999999629e-03
0.000000000000000000e+00 6.472149999999999848e-01 6.844459999999999988e-01 9.374999999999999653e-03 4.479000000000000342e-03
0.000000000000000000e+00 6.436140000000000194e-01 6.665309999999999846e-01 8.151999999999999524e-03 6.922000000000000201e-03
0.000000000000000000e+00 6.391299999999999759e-01 6.322269999999999834e-01 2.445999999999999824e-03 1.241899999999999948e-02
0.000000000000000000e+00 6.720110000000000250e-01 6.206230000000000357e-01 7.609000000000000312e-03 6.718000000000000013e-03
0.000000000000000000e+00 6.780570000000000208e-01 6.395560000000000134e-01 9.102999999999999980e-03 4.275000000000000154e-03
0.000000000000000000e+00 6.712639999999999718e-01 6.943200000000000482e-01 8.559999999999999901e-03 6.310999999999999770e-03
0.000000000000000000e+00 6.969429999999999792e-01 6.746739999999999959e-01 6.386000000000000183e-03 9.365000000000000061e-03
0.000000000000000000e+00 6.951770000000000449e-01 5.972110000000000474e-01 8.559999999999999901e-03 4.275000000000000154e-03
0.000000000000000000e+00 6.674590000000000245e-01 5.793970000000000509e-01 8.288000000000000228e-03 6.514999999999999958e-03
1.000000000000000000e+00 5.104619999999999713e-01 6.976790000000000491e-01 5.707000000000000267e-03 9.365000000000000061e-03
0.000000000000000000e+00 5.060459999999999958e-01 6.883139999999999814e-01 3.125000000000000173e-03 1.140099999999999968e-02
0.000000000000000000e+00 4.983699999999999797e-01 6.890269999999999451e-01 4.348000000000000302e-03 1.038299999999999987e-02
0.000000000000000000e+00 5.004079999999999639e-01 6.780329999999999968e-01 7.879999999999999852e-03 7.939999999999999142e-03
0.000000000000000000e+00 5.133830000000000338e-01 6.728420000000000512e-01 5.841999999999999971e-03 8.550000000000000308e-03
0.000000000000000000e+00 5.161679999999999602e-01 6.760990000000000055e-01 2.988999999999999903e-03 1.058599999999999992e-02
0.000000000000000000e+00 5.245239999999999903e-01 6.841409999999999991e-01 4.484000000000000138e-03 9.976000000000000492e-03
0.000000000000000000e+00 5.418479999999999963e-01 6.774229999999999974e-01 6.522000000000000020e-03 7.939999999999999142e-03
0.000000000000000000e+00 5.247960000000000402e-01 6.640880000000000116e-01 8.831999999999999573e-03 4.885999999999999718e-03
0.000000000000000000e+00 5.364809999999999857e-01 6.467829999999999968e-01 3.396999999999999846e-03 1.099299999999999930e-02
0.000000000000000000e+00 5.402169999999999472e-01 6.337540000000000395e-01 6.250000000000000347e-03 7.328999999999999578e-03
0.000000000000000000e+00 5.146739999999999648e-01 6.394539999999999669e-01 9.239000000000000684e-03 6.106999999999999582e-03
0.000000000000000000e+00 5.169839999999999991e-01 6.042349999999999666e-01 6.793000000000000427e-03 7.328999999999999578e-03
0.000000000000000000e+00 4.674590000000000134e-01 6.836320000000000174e-01 6.657999999999999856e-03 7.735999999999999821e-03
0.000000000000000000e+00 4.747959999999999958e-01 6.618490000000000206e-01 7.200999999999999936e-03 8.550000000000000308e-03
0.000000000000000000e+00 3.987769999999999926e-01 6.553339999999999721e-01 7.336999999999999772e-03 8.958000000000000684e-03
0.000000000000000000e+00 3.994570000000000065e-01 6.688720000000000221e-01 5.163000000000000055e-03 1.038299999999999987e-02
0.000000000000000000e+00 4.034650000000000181e-01 6.825120000000000076e-01 5.298999999999999891e-03 7.939999999999999142e-03
0.000000000000000000e+00 4.134510000000000129e-01 6.782369999999999788e-01 5.163000000000000055e-03 1.038299999999999987e-02
0.000000000000000000e+00 4.097149999999999959e-01 6.527889999999999526e-01 3.396999999999999846e-03 1.078999999999999924e-02
0.000000000000000000e+00 4.134510000000000129e-01 6.425079999999999680e-01 6.522000000000000020e-03 5.700000000000000205e-03
0.000000000000000000e+00 4.173910000000000120e-01 6.405739999999999768e-01 7.336999999999999772e-03 7.939999999999999142e-03
0.000000000000000000e+00 4.391300000000000203e-01 6.419989999999999863e-01 3.261000000000000010e-03 1.241899999999999948e-02
0.000000000000000000e+00 4.369569999999999843e-01 6.700939999999999674e-01 3.533000000000000116e-03 1.323299999999999997e-02
0.000000000000000000e+00 4.728939999999999810e-01 6.449510000000000520e-01 6.657999999999999856e-03 9.365000000000000061e-03
0.000000000000000000e+00 4.713990000000000125e-01 6.154319999999999791e-01 5.841999999999999971e-03 8.550000000000000308e-03
0.000000000000000000e+00 4.588990000000000014e-01 6.238799999999999901e-01 2.853000000000000067e-03 1.241899999999999948e-02
0.000000000000000000e+00 4.652850000000000041e-01 6.045399999999999663e-01 2.853000000000000067e-03 1.160399999999999973e-02
0.000000000000000000e+00 4.676629999999999954e-01 5.960910000000000375e-01 4.075999999999999762e-03 9.365000000000000061e-03
0.000000000000000000e+00 4.613450000000000051e-01 5.967019999999999547e-01 7.200999999999999936e-03 7.328999999999999578e-03
0.000000000000000000e+00 4.337639999999999829e-01 6.109529999999999683e-01 6.929000000000000263e-03 7.735999999999999821e-03
0.000000000000000000e+00 4.272420000000000107e-01 6.009769999999999834e-01 6.386000000000000183e-03 8.550000000000000308e-03
0.000000000000000000e+00 3.973510000000000097e-01 5.701340000000000297e-01 1.018999999999999941e-02 5.904000000000000394e-03
0.000000000000000000e+00 3.971469999999999723e-01 5.516079999999999872e-01 8.423999999999999197e-03 5.904000000000000394e-03
0.000000000000000000e+00 4.359370000000000189e-01 5.412259999999999849e-01 4.754999999999999678e-03 1.119700000000000036e-02
0.000000000000000000e+00 4.438860000000000028e-01 5.372559999999999558e-01 2.445999999999999824e-03 1.262199999999999954e-02
0.000000000000000000e+00 4.853259999999999796e-01 5.478420000000000512e-01 4.348000000000000302e-03 1.262199999999999954e-02
0.000000000000000000e+00 5.167800000000000171e-01 5.603620000000000267e-01 4.211999999999999598e-03 1.160399999999999973e-02
0.000000000000000000e+00 5.040759999999999685e-01 5.358309999999999462e-01 8.151999999999999524e-03 6.922000000000000201e-03
0.000000000000000000e+00 5.054349999999999676e-01 5.291120000000000267e-01 5.977999999999999807e-03 9.365000000000000061e-03
0.000000000000000000e+00 5.093750000000000222e-01 5.261599999999999611e-01 7.879999999999999852e-03 4.275000000000000154e-03
0.000000000000000000e+00 4.855979999999999741e-01 5.058019999999999738e-01 7.609000000000000312e-03 7.532999999999999766e-03
0.000000000000000000e+00 5.116169999999999884e-01 4.969459999999999988e-01 8.016000000000000555e-03 6.922000000000000201e-03
0.000000000000000000e+00 5.080160000000000231e-01 4.610139999999999794e-01 4.891000000000000382e-03 1.363999999999999935e-02
0.000000000000000000e+00 4.703800000000000203e-01 5.058019999999999738e-01 4.075999999999999762e-03 1.323299999999999997e-02
0.000000000000000000e+00 4.743209999999999926e-01 4.908390000000000253e-01 2.716999999999999797e-03 1.506500000000000027e-02
0.000000000000000000e+00 4.657609999999999806e-01 4.850369999999999959e-01 4.891000000000000382e-03 1.119700000000000036e-02
0.000000000000000000e+00 4.460600000000000120e-01 4.964370000000000172e-01 8.696000000000000604e-03 6.310999999999999770e-03
1.000000000000000000e+00 4.456519999999999926e-01 4.912460000000000160e-01 4.075999999999999762e-03 8.142999999999999197e-03
0.000000000000000000e+00 4.479620000000000268e-01 4.782170000000000032e-01 2.988999999999999903e-03 1.221500000000000016e-02
0.000000000000000000e+00 4.313179999999999792e-01 4.832040000000000224e-01 5.027000000000000218e-03 1.078999999999999924e-02
0.000000000000000000e+00 4.204479999999999884e-01 4.660020000000000273e-01 2.853000000000000067e-03 1.140099999999999968e-02
0.000000000000000000e+00 4.442260000000000097e-01 4.359729999999999994e-01 3.939999999999999926e-03 1.201100000000000084e-02
0.000000000000000000e+00 4.499319999999999986e-01 4.325120000000000076e-01 8.288000000000000228e-03 4.682000000000000398e-03
0.000000000000000000e+00 4.617530000000000245e-01 4.524630000000000041e-01 8.288000000000000228e-03 4.275000000000000154e-03
1.000000000000000000e+00 4.775139999999999940e-01 4.800490000000000035e-01 3.667999999999999820e-03 1.099299999999999930e-02
1.000000000000000000e+00 4.769700000000000051e-01 4.116449999999999831e-01 3.125000000000000173e-03 1.343600000000000003e-02
0.000000000000000000e+00 4.831520000000000259e-01 4.316980000000000262e-01 7.065000000000000099e-03 9.161000000000000740e-03
0.000000000000000000e+00 4.911679999999999935e-01 4.156150000000000122e-01 5.977999999999999807e-03 9.161000000000000740e-03
0.000000000000000000e+00 4.318609999999999949e-01 4.020770000000000177e-01 4.484000000000000138e-03 1.384400000000000040e-02
1.000000000000000000e+00 4.217389999999999750e-01 3.576949999999999852e-01 4.619999999999999975e-03 1.384400000000000040e-02
0.000000000000000000e+00 4.483699999999999908e-01 3.420199999999999907e-01 5.163000000000000055e-03 1.221500000000000016e-02
0.000000000000000000e+00 4.679349999999999898e-01 3.343849999999999878e-01 8.151999999999999524e-03 6.310999999999999770e-03
0.000000000000000000e+00 4.641979999999999995e-01 3.701139999999999985e-01 2.853000000000000067e-03 1.465799999999999916e-02
0.000000000000000000e+00 5.260869999999999713e-01 3.735749999999999904e-01 7.609000000000000312e-03 6.106999999999999582e-03
0.000000000000000000e+00 5.451089999999999547e-01 3.601380000000000137e-01 9.239000000000000684e-03 6.514999999999999958e-03
0.000000000000000000e+00 4.916440000000000254e-01 3.237990000000000035e-01 4.484000000000000138e-03 1.363999999999999935e-02
0.000000000000000000e+00 5.224180000000000490e-01 2.904109999999999747e-01 5.163000000000000055e-03 1.078999999999999924e-02
0.000000000000000000e+00 4.918480000000000074e-01 2.544790000000000108e-01 3.533000000000000116e-03 1.384400000000000040e-02
0.000000000000000000e+00 4.737770000000000037e-01 2.593650000000000122e-01 6.793000000000000427e-03 9.771999999999999437e-03
0.000000000000000000e+00 4.525819999999999843e-01 2.426709999999999978e-01 5.977999999999999807e-03 1.302900000000000065e-02
0.000000000000000000e+00 4.341709999999999736e-01 2.293360000000000121e-01 8.288000000000000228e-03 9.976000000000000492e-03
0.000000000000000000e+00 5.213320000000000176e-01 1.883140000000000092e-01 4.891000000000000382e-03 1.140099999999999968e-02
0.000000000000000000e+00 5.171200000000000241e-01 1.853619999999999990e-01 3.533000000000000116e-03 1.160399999999999973e-02
0.000000000000000000e+00 4.882469999999999866e-01 1.883140000000000092e-01 7.200999999999999936e-03 4.479000000000000342e-03
0.000000000000000000e+00 4.690900000000000070e-01 1.951340000000000019e-01 4.211999999999999598e-03 1.201100000000000084e-02
1.000000000000000000e+00 4.824729999999999852e-01 2.242470000000000019e-01 5.434999999999999727e-03 1.119700000000000036e-02
1.000000000000000000e+00 4.838319999999999843e-01 1.843440000000000079e-01 5.707000000000000267e-03 8.753999999999999629e-03
0.000000000000000000e+00 3.440219999999999945e-01 2.320850000000000135e-01 4.891000000000000382e-03 1.547199999999999964e-02
0.000000000000000000e+00 2.728940000000000254e-01 2.848129999999999828e-01 4.754999999999999678e-03 1.221500000000000016e-02
0.000000000000000000e+00 3.324050000000000060e-01 3.289900000000000047e-01 2.853000000000000067e-03 1.302900000000000065e-02
0.000000000000000000e+00 3.419840000000000102e-01 3.307209999999999872e-01 7.065000000000000099e-03 6.310999999999999770e-03
0.000000000000000000e+00 3.572009999999999907e-01 3.415110000000000090e-01 2.716999999999999797e-03 1.282600000000000059e-02
0.000000000000000000e+00 3.782610000000000139e-01 3.165720000000000200e-01 6.250000000000000347e-03 9.771999999999999437e-03
0.000000000000000000e+00 3.791439999999999810e-01 3.219670000000000032e-01 6.929000000000000263e-03 7.125000000000000257e-03
0.000000000000000000e+00 3.915759999999999796e-01 3.282780000000000142e-01 4.075999999999999762e-03 1.119700000000000036e-02
0.000000000000000000e+00 3.682070000000000065e-01 3.425289999999999724e-01 3.804000000000000090e-03 1.038299999999999987e-02
0.000000000000000000e+00 3.650140000000000051e-01 3.424269999999999814e-01 4.211999999999999598e-03 1.180800000000000079e-02
0.000000000000000000e+00 3.403530000000000166e-01 3.589169999999999860e-01 2.174000000000000151e-03 1.180800000000000079e-02
0.000000000000000000e+00 3.468069999999999764e-01 3.701139999999999985e-01 3.396999999999999846e-03 1.302900000000000065e-02
0.000000000000000000e+00 3.483700000000000130e-01 3.801910000000000012e-01 8.696000000000000604e-03 4.275000000000000154e-03
0.000000000000000000e+00 2.776489999999999791e-01 3.777479999999999727e-01 3.667999999999999820e-03 1.038299999999999987e-02
0.000000000000000000e+00 2.936139999999999861e-01 3.802929999999999922e-01 1.086999999999999945e-02 5.292999999999999962e-03
1.000000000000000000e+00 3.687500000000000222e-01 3.970890000000000253e-01 9.783000000000000029e-03 4.682000000000000398e-03
0.000000000000000000e+00 3.882470000000000088e-01 4.021779999999999800e-01 3.667999999999999820e-03 1.119700000000000036e-02
0.000000000000000000e+00 3.908289999999999820e-01 4.228419999999999956e-01 8.559999999999999901e-03 1.302900000000000065e-02
0.000000000000000000e+00 3.724859999999999838e-01 4.161239999999999939e-01 4.754999999999999678e-03 9.365000000000000061e-03
0.000000000000000000e+00 3.871600000000000041e-01 4.687500000000000000e-01 3.125000000000000173e-03 1.241899999999999948e-02
0.000000000000000000e+00 3.606659999999999866e-01 4.460500000000000020e-01 5.841999999999999971e-03 1.017900000000000055e-02
0.000000000000000000e+00 3.052309999999999746e-01 4.555170000000000052e-01 8.016000000000000555e-03 7.532999999999999766e-03
1.000000000000000000e+00 3.435460000000000180e-01 5.253459999999999797e-01 4.211999999999999598e-03 1.363999999999999935e-02
0.000000000000000000e+00 3.775140000000000162e-01 6.116650000000000142e-01 8.016000000000000555e-03 5.904000000000000394e-03
0.000000000000000000e+00 3.884509999999999907e-01 6.344670000000000032e-01 4.891000000000000382e-03 1.241899999999999948e-02
0.000000000000000000e+00 3.882470000000000088e-01 6.525859999999999994e-01 9.102999999999999980e-03 5.904000000000000394e-03
0.000000000000000000e+00 3.764950000000000241e-01 6.689739999999999576e-01 4.348000000000000302e-03 1.302900000000000065e-02
0.000000000000000000e+00 3.713989999999999791e-01 6.885179999999999634e-01 7.472999999999999608e-03 5.292999999999999962e-03
0.000000000000000000e+00 3.760870000000000046e-01 6.904519999999999547e-01 7.609000000000000312e-03 4.275000000000000154e-03
0.000000000000000000e+00 3.805029999999999801e-01 6.870929999999999538e-01 7.472999999999999608e-03 3.256999999999999913e-03
0.000000000000000000e+00 3.199049999999999949e-01 6.551299999999999901e-01 9.102999999999999980e-03 6.106999999999999582e-03
0.000000000000000000e+00 3.126360000000000250e-01 6.941159999999999553e-01 2.988999999999999903e-03 1.282600000000000059e-02
0.000000000000000000e+00 3.048230000000000106e-01 6.775240000000000151e-01 6.657999999999999856e-03 6.922000000000000201e-03
0.000000000000000000e+00 3.103259999999999907e-01 6.488190000000000346e-01 8.151999999999999524e-03 6.514999999999999958e-03
0.000000000000000000e+00 3.226220000000000199e-01 6.184849999999999515e-01 4.484000000000000138e-03 9.365000000000000061e-03
0.000000000000000000e+00 3.099180000000000268e-01 5.767510000000000137e-01 4.619999999999999975e-03 1.140099999999999968e-02
0.000000000000000000e+00 2.735730000000000106e-01 6.215389999999999526e-01 4.211999999999999598e-03 1.262199999999999954e-02
0.000000000000000000e+00 2.700409999999999755e-01 6.180780000000000163e-01 5.571000000000000431e-03 1.221500000000000016e-02
0.000000000000000000e+00 2.678670000000000218e-01 4.896170000000000244e-01 9.646999999999999326e-03 5.700000000000000205e-03
0.000000000000000000e+00 2.660330000000000195e-01 3.282780000000000142e-01 8.696000000000000604e-03 1.078999999999999924e-02
0.000000000000000000e+00 2.358699999999999963e-01 3.994300000000000073e-01 8.423999999999999197e-03 5.292999999999999962e-03
0.000000000000000000e+00 2.478940000000000032e-01 5.099759999999999849e-01 8.559999999999999901e-03 5.700000000000000205e-03
0.000000000000000000e+00 2.111409999999999954e-01 5.281959999999999988e-01 8.423999999999999197e-03 5.497000000000000150e-03
0.000000000000000000e+00 2.627039999999999931e-01 5.859119999999999884e-01 4.754999999999999678e-03 1.262199999999999954e-02
0.000000000000000000e+00 2.434099999999999875e-01 5.956839999999999913e-01 3.125000000000000173e-03 1.099299999999999930e-02
0.000000000000000000e+00 2.398099999999999954e-01 5.969060000000000477e-01 5.434999999999999727e-03 1.058599999999999992e-02
0.000000000000000000e+00 2.163720000000000088e-01 6.292750000000000288e-01 9.102999999999999980e-03 5.700000000000000205e-03
0.000000000000000000e+00 1.692259999999999875e-01 5.832650000000000334e-01 3.667999999999999820e-03 1.343600000000000003e-02
0.000000000000000000e+00 1.855980000000000130e-01 6.399629999999999486e-01 7.065000000000000099e-03 7.125000000000000257e-03
0.000000000000000000e+00 1.699050000000000005e-01 6.445440000000000058e-01 7.745000000000000148e-03 7.328999999999999578e-03
0.000000000000000000e+00 1.801629999999999898e-01 6.626630000000000020e-01 6.522000000000000020e-03 1.180800000000000079e-02
0.000000000000000000e+00 1.997960000000000014e-01 6.663270000000000026e-01 3.939999999999999926e-03 1.302900000000000065e-02
0.000000000000000000e+00 2.040079999999999949e-01 6.633750000000000480e-01 6.113999999999999643e-03 9.976000000000000492e-03
0.000000000000000000e+00 2.038719999999999977e-01 6.845480000000000453e-01 5.841999999999999971e-03 1.038299999999999987e-02
0.000000000000000000e+00 2.448369999999999991e-01 6.379280000000000506e-01 4.619999999999999975e-03 1.160399999999999973e-02
0.000000000000000000e+00 2.489129999999999954e-01 6.741650000000000142e-01 8.966999999999999277e-03 3.867999999999999911e-03
0.000000000000000000e+00 2.516979999999999773e-01 6.776259999999999506e-01 8.559999999999999901e-03 5.497000000000000150e-03
