16 0.737024 0.604133 0.005571 0.011604
15 0.740082 0.619198 0.008696 0.007533
15 0.737092 0.624491 0.005435 0.012011
15 0.734103 0.623982 0.005163 0.010993
15 0.741984 0.653705 0.004620 0.013029
16 0.726630 0.642814 0.003261 0.014047
16 0.724457 0.633347 0.004620 0.015065
16 0.729008 0.661543 0.006658 0.014047
16 0.723505 0.673453 0.006522 0.010586
15 0.724389 0.667752 0.008832 0.006515
15 0.716576 0.661340 0.008152 0.008347
15 0.690082 0.662357 0.004076 0.012011
16 0.702649 0.656148 0.006929 0.007736
16 0.705095 0.651669 0.008288 0.007329
15 0.716304 0.644544 0.004348 0.013844
16 0.712908 0.655537 0.007337 0.009772
16 0.696128 0.656148 0.006114 0.010993
15 0.695109 0.648819 0.005707 0.011401
16 0.691508 0.633245 0.005571 0.014862
15 0.680027 0.675387 0.006250 0.011197
16 0.676223 0.673758 0.004348 0.012419
15 0.670380 0.690452 0.006793 0.014862
16 0.682541 0.599349 0.008560 0.008958
16 0.695448 0.562602 0.009375 0.009161
16 0.656793 0.570033 0.010326 0.006107
16 0.650543 0.668770 0.008152 0.010993
15 0.639402 0.687195 0.005978 0.012011
15 0.642459 0.693404 0.003668 0.011808
16 0.645109 0.683021 0.003533 0.014658
15 0.632133 0.676405 0.005299 0.015269
15 0.637840 0.672842 0.006658 0.012215
16 0.635598 0.673249 0.007065 0.008550
16 0.635666 0.669890 0.008288 0.005497
15 0.617459 0.651466 0.009647 0.003664
15 0.619973 0.648616 0.009783 0.006107
15 0.610394 0.664393 0.005571 0.010383
15 0.621943 0.669686 0.006386 0.007940
15 0.607065 0.674674 0.009239 0.006107
15 0.613723 0.689434 0.004076 0.016083
15 0.611141 0.688823 0.003804 0.016897
16 0.570720 0.687093 0.010734 0.008143
15 0.576087 0.680884 0.003804 0.016083
16 0.567120 0.673046 0.005163 0.013844
15 0.558220 0.667142 0.006929 0.008958
16 0.550340 0.638538 0.005571 0.010790
15 0.534307 0.672333 0.006929 0.009161
16 0.526563 0.673453 0.008016 0.004886
15 0.529755 0.655130 0.008424 0.010993
15 0.507269 0.657777 0.009375 0.006107
16 0.515014 0.693099 0.008288 0.007533
16 0.510394 0.687195 0.003125 0.012419
15 0.512432 0.687093 0.003668 0.013436
16 0.602310 0.600672 0.004348 0.012011
16 0.607541 0.569625 0.008288 0.010586
16 0.608967 0.555578 0.005435 0.013436
15 0.578736 0.566063 0.005299 0.014047
15 0.572283 0.565554 0.007065 0.010993
15 0.715965 0.436686 0.003940 0.015065
15 0.704008 0.446763 0.005571 0.013233
16 0.693954 0.438213 0.006386 0.012011
16 0.664402 0.426608 0.007065 0.012826
16 0.652446 0.450529 0.008967 0.009365
16 0.694158 0.489210 0.004076 0.012622
15 0.666236 0.514658 0.010190 0.004479
16 0.649049 0.510586 0.008696 0.010993
16 0.656590 0.493180 0.008560 0.003868
15 0.654755 0.481270 0.009511 0.008550
16 0.643954 0.468852 0.003668 0.016287
16 0.638995 0.469564 0.007609 0.009161
16 0.627717 0.459996 0.006522 0.010790
16 0.618546 0.498168 0.005027 0.010993
15 0.620448 0.504581 0.008016 0.009161
15 0.614538 0.529621 0.006522 0.012011
16 0.582812 0.539800 0.004212 0.013640
15 0.578125 0.538986 0.010054 0.006718
16 0.572962 0.548962 0.004348 0.014047
16 0.545516 0.552423 0.008696 0.006718
15 0.586345 0.498270 0.006658 0.012826
16 0.590625 0.474349 0.007065 0.010179
15 0.580503 0.479845 0.008016 0.006515
16 0.579484 0.476384 0.008424 0.006922
15 0.592187 0.463253 0.003125 0.011197
15 0.583832 0.446559 0.008152 0.009568
15 0.571739 0.463966 0.004891 0.012622
15 0.572079 0.453379 0.009375 0.008143
16 0.560598 0.455110 0.005163 0.013640
16 0.547351 0.471906 0.009103 0.004072
16 0.543886 0.473738 0.007609 0.007736
16 0.546671 0.496336 0.004212 0.014658
16 0.527310 0.465187 0.005707 0.015065
16 0.512568 0.483306 0.005027 0.016287
16 0.494226 0.482085 0.006929 0.011808
15 0.490557 0.474552 0.009103 0.006515
16 0.478872 0.560770 0.010734 0.005904
16 0.615761 0.431393 0.008424 0.010993
15 0.613655 0.434650 0.008560 0.009365
16 0.623573 0.435362 0.008832 0.008347
15 0.614470 0.438823 0.009918 0.006718
16 0.604212 0.442997 0.008696 0.010586
15 0.594090 0.422129 0.005571 0.011604
16 0.600815 0.402484 0.009239 0.006515
16 0.592935 0.415411 0.008967 0.007533
16 0.587228 0.417651 0.003804 0.012011
16 0.585530 0.410423 0.005842 0.011808
16 0.564606 0.425183 0.008288 0.006311
16 0.523438 0.422435 0.005571 0.013844
16 0.507405 0.406963 0.006658 0.011808
15 0.626698 0.333265 0.009375 0.006107
15 0.499796 0.365635 0.005571 0.011401
15 0.512160 0.292549 0.008288 0.011808
15 0.470313 0.238294 0.006114 0.016490
15 0.474185 0.430680 0.007880 0.012826
15 0.476155 0.407166 0.005299 0.013844
16 0.461889 0.426201 0.010190 0.005090
16 0.453193 0.414088 0.008288 0.007736
16 0.692391 0.383958 0.007609 0.008550
16 0.486889 0.690554 0.003668 0.013029
16 0.488383 0.663681 0.008016 0.011401
15 0.483084 0.665818 0.008560 0.007125
15 0.476427 0.664292 0.006658 0.011808
15 0.471671 0.667956 0.005299 0.013844
15 0.490014 0.614719 0.007745 0.007940
16 0.501427 0.583571 0.007473 0.010383
16 0.456929 0.586116 0.007065 0.009772
15 0.479484 0.625611 0.008696 0.011401
15 0.481250 0.640167 0.006793 0.012011
15 0.473913 0.643322 0.007609 0.009365
15 0.471807 0.636095 0.009647 0.011197
15 0.460394 0.629784 0.007473 0.012826
15 0.417663 0.593445 0.005978 0.009772
15 0.412364 0.589577 0.004891 0.013029
15 0.409851 0.591205 0.005571 0.013029
15 0.399932 0.593852 0.004484 0.013436
16 0.401359 0.573595 0.007609 0.007533
15 0.385190 0.634263 0.007337 0.014454
15 0.395516 0.661340 0.009511 0.006718
16 0.387160 0.658693 0.008560 0.006311
16 0.454620 0.658286 0.008696 0.008347
16 0.453057 0.645358 0.007745 0.010993
16 0.447622 0.654112 0.008016 0.005700
16 0.459103 0.679357 0.005163 0.010993
16 0.451698 0.686584 0.008288 0.008347
16 0.432405 0.691368 0.003668 0.013029
16 0.442391 0.673453 0.004620 0.011401
15 0.438859 0.669992 0.002989 0.010993
15 0.433424 0.671824 0.003804 0.014658
16 0.451495 0.698290 0.005978 0.014251
16 0.425272 0.677728 0.009239 0.004479
15 0.424049 0.672231 0.007065 0.008958
16 0.413995 0.699919 0.004891 0.010179
16 0.400747 0.676812 0.009375 0.006718
15 0.392527 0.697577 0.005707 0.012419
15 0.392052 0.666531 0.004212 0.012622
15 0.346875 0.677830 0.009783 0.007533
16 0.345109 0.672638 0.009783 0.006515
15 0.321467 0.610037 0.005978 0.012419
15 0.299253 0.645257 0.006114 0.013233
15 0.329620 0.549572 0.003804 0.013640
16 0.442052 0.531861 0.003940 0.012826
16 0.456182 0.511299 0.007745 0.007533
16 0.417595 0.467630 0.006929 0.010993
16 0.406114 0.462541 0.008696 0.006107
15 0.369226 0.417447 0.006929 0.012419
15 0.349321 0.421722 0.007609 0.010790
16 0.358764 0.362683 0.005571 0.014862
16 0.332133 0.312296 0.006929 0.011401
16 0.270788 0.311889 0.006793 0.010586
