2.300000000000000000e+01 2.180000000000000000e+02
2.400000000000000000e+01 2.460000000000000000e+02
4.400000000000000000e+01 2.450000000000000000e+02
6.900000000000000000e+01 2.460000000000000000e+02
8.800000000000000000e+01 2.370000000000000000e+02
9.100000000000000000e+01 2.270000000000000000e+02
4.700000000000000000e+01 1.440000000000000000e+02
6.900000000000000000e+01 1.810000000000000000e+02
4.300000000000000000e+01 1.260000000000000000e+02
8.000000000000000000e+01 1.170000000000000000e+02
9.200000000000000000e+01 1.350000000000000000e+02
1.000000000000000000e+02 1.710000000000000000e+02
1.170000000000000000e+02 1.960000000000000000e+02
1.180000000000000000e+02 2.400000000000000000e+02
1.250000000000000000e+02 1.830000000000000000e+02
1.050000000000000000e+02 1.640000000000000000e+02
1.000000000000000000e+02 1.330000000000000000e+02
1.090000000000000000e+02 1.020000000000000000e+02
1.140000000000000000e+02 2.300000000000000000e+02
1.100000000000000000e+02 2.380000000000000000e+02
1.140000000000000000e+02 2.450000000000000000e+02
1.210000000000000000e+02 2.460000000000000000e+02
1.250000000000000000e+02 2.350000000000000000e+02
7.700000000000000000e+01 6.900000000000000000e+01
5.400000000000000000e+01 8.600000000000000000e+01
1.170000000000000000e+02 7.100000000000000000e+01
1.140000000000000000e+02 6.100000000000000000e+01
1.080000000000000000e+02 1.500000000000000000e+01
1.080000000000000000e+02 1.000000000000000000e+01
1.400000000000000000e+02 5.000000000000000000e+01
1.650000000000000000e+02 8.700000000000000000e+01
1.630000000000000000e+02 9.000000000000000000e+01
1.480000000000000000e+02 9.800000000000000000e+01
1.670000000000000000e+02 2.800000000000000000e+01
2.240000000000000000e+02 5.200000000000000000e+01
2.080000000000000000e+02 6.900000000000000000e+01
1.970000000000000000e+02 1.060000000000000000e+02
1.920000000000000000e+02 1.170000000000000000e+02
1.780000000000000000e+02 1.120000000000000000e+02
1.630000000000000000e+02 1.330000000000000000e+02
1.420000000000000000e+02 8.900000000000000000e+01
1.380000000000000000e+02 1.230000000000000000e+02
1.780000000000000000e+02 1.450000000000000000e+02
2.330000000000000000e+02 1.050000000000000000e+02
2.460000000000000000e+02 1.420000000000000000e+02
1.010000000000000000e+02 2.660000000000000000e+02
7.300000000000000000e+01 2.750000000000000000e+02
1.150000000000000000e+02 2.630000000000000000e+02
1.480000000000000000e+02 2.750000000000000000e+02
1.430000000000000000e+02 3.030000000000000000e+02
1.410000000000000000e+02 3.080000000000000000e+02
1.370000000000000000e+02 3.120000000000000000e+02
1.420000000000000000e+02 2.520000000000000000e+02
1.760000000000000000e+02 2.680000000000000000e+02
1.760000000000000000e+02 2.340000000000000000e+02
1.800000000000000000e+02 2.400000000000000000e+02
1.520000000000000000e+02 1.890000000000000000e+02
1.670000000000000000e+02 1.630000000000000000e+02
1.870000000000000000e+02 2.270000000000000000e+02
1.970000000000000000e+02 2.120000000000000000e+02
1.950000000000000000e+02 1.780000000000000000e+02
1.990000000000000000e+02 1.710000000000000000e+02
2.040000000000000000e+02 1.750000000000000000e+02
2.290000000000000000e+02 2.110000000000000000e+02
2.280000000000000000e+02 2.440000000000000000e+02
2.460000000000000000e+02 1.940000000000000000e+02
2.440000000000000000e+02 1.870000000000000000e+02
1.870000000000000000e+02 3.510000000000000000e+02
1.820000000000000000e+02 3.680000000000000000e+02
1.940000000000000000e+02 3.680000000000000000e+02
2.120000000000000000e+02 3.400000000000000000e+02
2.180000000000000000e+02 3.380000000000000000e+02
2.880000000000000000e+02 4.550000000000000000e+02
3.010000000000000000e+02 4.120000000000000000e+02
2.960000000000000000e+02 3.990000000000000000e+02
2.680000000000000000e+02 3.460000000000000000e+02
2.610000000000000000e+02 3.250000000000000000e+02
2.510000000000000000e+02 2.930000000000000000e+02
2.460000000000000000e+02 2.810000000000000000e+02
2.410000000000000000e+02 2.810000000000000000e+02
2.370000000000000000e+02 2.750000000000000000e+02
2.370000000000000000e+02 2.600000000000000000e+02
2.830000000000000000e+02 2.930000000000000000e+02
2.840000000000000000e+02 2.890000000000000000e+02
2.900000000000000000e+02 2.830000000000000000e+02
3.080000000000000000e+02 2.960000000000000000e+02
3.130000000000000000e+02 3.050000000000000000e+02
3.200000000000000000e+02 3.010000000000000000e+02
3.200000000000000000e+02 3.030000000000000000e+02
3.200000000000000000e+02 2.980000000000000000e+02
3.040000000000000000e+02 3.260000000000000000e+02
2.890000000000000000e+02 3.370000000000000000e+02
3.070000000000000000e+02 3.570000000000000000e+02
2.990000000000000000e+02 3.560000000000000000e+02
2.770000000000000000e+02 3.380000000000000000e+02
2.800000000000000000e+02 2.670000000000000000e+02
2.650000000000000000e+02 2.480000000000000000e+02
2.500000000000000000e+02 2.370000000000000000e+02
2.570000000000000000e+02 2.050000000000000000e+02
2.780000000000000000e+02 1.980000000000000000e+02
2.780000000000000000e+02 2.450000000000000000e+02
2.910000000000000000e+02 2.230000000000000000e+02
3.010000000000000000e+02 2.350000000000000000e+02
3.100000000000000000e+02 2.270000000000000000e+02
3.180000000000000000e+02 2.200000000000000000e+02
3.230000000000000000e+02 2.130000000000000000e+02
3.130000000000000000e+02 2.460000000000000000e+02
3.170000000000000000e+02 2.500000000000000000e+02
3.070000000000000000e+02 1.870000000000000000e+02
2.730000000000000000e+02 1.680000000000000000e+02
2.870000000000000000e+02 1.450000000000000000e+02
3.000000000000000000e+02 1.540000000000000000e+02
3.610000000000000000e+02 7.600000000000000000e+01
3.710000000000000000e+02 8.500000000000000000e+01
3.640000000000000000e+02 1.090000000000000000e+02
3.860000000000000000e+02 8.600000000000000000e+01
4.100000000000000000e+02 1.260000000000000000e+02
4.140000000000000000e+02 1.330000000000000000e+02
4.390000000000000000e+02 8.700000000000000000e+01
3.270000000000000000e+02 1.700000000000000000e+02
3.370000000000000000e+02 1.830000000000000000e+02
3.490000000000000000e+02 1.640000000000000000e+02
3.890000000000000000e+02 2.040000000000000000e+02
3.880000000000000000e+02 2.450000000000000000e+02
4.090000000000000000e+02 2.300000000000000000e+02
4.170000000000000000e+02 2.260000000000000000e+02
4.250000000000000000e+02 2.230000000000000000e+02
3.330000000000000000e+02 2.790000000000000000e+02
3.380000000000000000e+02 2.740000000000000000e+02
3.370000000000000000e+02 3.250000000000000000e+02
3.330000000000000000e+02 3.640000000000000000e+02
3.430000000000000000e+02 3.770000000000000000e+02
3.470000000000000000e+02 3.480000000000000000e+02
3.420000000000000000e+02 3.370000000000000000e+02
3.530000000000000000e+02 3.420000000000000000e+02
3.580000000000000000e+02 3.360000000000000000e+02
3.670000000000000000e+02 3.620000000000000000e+02
3.570000000000000000e+02 3.840000000000000000e+02
3.470000000000000000e+02 3.890000000000000000e+02
3.420000000000000000e+02 4.330000000000000000e+02
5.230000000000000000e+02 5.000000000000000000e+00
4.710000000000000000e+02 1.130000000000000000e+02
4.630000000000000000e+02 1.890000000000000000e+02
5.430000000000000000e+02 1.500000000000000000e+02
5.150000000000000000e+02 1.760000000000000000e+02
5.140000000000000000e+02 1.810000000000000000e+02
5.120000000000000000e+02 1.890000000000000000e+02
5.390000000000000000e+02 2.090000000000000000e+02
5.200000000000000000e+02 2.450000000000000000e+02
4.760000000000000000e+02 2.410000000000000000e+02
5.670000000000000000e+02 2.480000000000000000e+02
5.650000000000000000e+02 2.570000000000000000e+02
5.980000000000000000e+02 2.450000000000000000e+02
5.220000000000000000e+02 2.590000000000000000e+02
5.130000000000000000e+02 2.850000000000000000e+02
5.210000000000000000e+02 2.750000000000000000e+02
4.870000000000000000e+02 2.930000000000000000e+02
5.030000000000000000e+02 2.600000000000000000e+02
4.750000000000000000e+02 2.670000000000000000e+02
4.760000000000000000e+02 2.700000000000000000e+02
4.630000000000000000e+02 2.810000000000000000e+02
4.700000000000000000e+02 2.880000000000000000e+02
4.640000000000000000e+02 2.980000000000000000e+02
4.610000000000000000e+02 3.330000000000000000e+02
5.250000000000000000e+02 3.440000000000000000e+02
4.110000000000000000e+02 2.920000000000000000e+02
4.060000000000000000e+02 3.330000000000000000e+02
4.090000000000000000e+02 3.270000000000000000e+02
4.130000000000000000e+02 3.330000000000000000e+02
4.220000000000000000e+02 2.960000000000000000e+02
4.520000000000000000e+02 2.900000000000000000e+02
4.410000000000000000e+02 2.460000000000000000e+02
4.430000000000000000e+02 2.350000000000000000e+02
4.470000000000000000e+02 3.710000000000000000e+02
4.930000000000000000e+02 3.780000000000000000e+02
5.480000000000000000e+02 4.290000000000000000e+02
6.310000000000000000e+02 1.270000000000000000e+02
