0.000000000000000000e+00 8.971470000000000278e-01 6.920809999999999462e-01 7.879999999999999852e-03 7.125000000000000257e-03
0.000000000000000000e+00 8.756789999999999852e-01 6.570639999999999814e-01 4.619999999999999975e-03 1.526899999999999959e-02
0.000000000000000000e+00 8.589670000000000361e-01 6.495319999999999983e-01 4.075999999999999762e-03 1.445399999999999983e-02
0.000000000000000000e+00 8.449050000000000171e-01 6.351790000000000491e-01 5.027000000000000218e-03 1.547199999999999964e-02
0.000000000000000000e+00 8.330840000000000467e-01 6.429150000000000142e-01 9.102999999999999980e-03 1.017900000000000055e-02
0.000000000000000000e+00 8.186820000000000208e-01 6.277479999999999727e-01 8.016000000000000555e-03 1.363999999999999935e-02
0.000000000000000000e+00 8.453800000000000203e-01 5.974140000000000006e-01 9.239000000000000684e-03 1.160399999999999973e-02
0.000000000000000000e+00 8.551630000000000065e-01 6.872960000000000180e-01 7.336999999999999772e-03 1.058599999999999992e-02
0.000000000000000000e+00 8.575409999999999977e-01 6.944219999999999837e-01 7.745000000000000148e-03 1.099299999999999930e-02
0.000000000000000000e+00 8.790080000000000116e-01 6.463759999999999506e-01 6.113999999999999643e-03 1.384400000000000040e-02
0.000000000000000000e+00 8.883830000000000338e-01 6.358920000000000128e-01 6.386000000000000183e-03 1.201100000000000084e-02
0.000000000000000000e+00 8.894020000000000259e-01 6.182819999999999983e-01 7.879999999999999852e-03 8.142999999999999197e-03
0.000000000000000000e+00 8.902849999999999930e-01 6.149229999999999974e-01 7.745000000000000148e-03 9.976000000000000492e-03
0.000000000000000000e+00 8.537360000000000504e-01 5.730859999999999843e-01 1.018999999999999941e-02 6.106999999999999582e-03
0.000000000000000000e+00 7.978939999999999921e-01 6.979849999999999666e-01 6.657999999999999856e-03 1.323299999999999997e-02
1.000000000000000000e+00 8.021059999999999857e-01 6.941159999999999553e-01 6.657999999999999856e-03 1.363999999999999935e-02
1.000000000000000000e+00 8.000000000000000444e-01 6.908590000000000009e-01 1.114099999999999986e-02 5.089999999999999906e-03
0.000000000000000000e+00 7.942259999999999875e-01 6.819009999999999794e-01 9.102999999999999980e-03 9.568000000000000116e-03
0.000000000000000000e+00 7.777169999999999916e-01 6.907569999999999544e-01 7.879999999999999852e-03 1.058599999999999992e-02
0.000000000000000000e+00 7.801630000000000509e-01 6.883139999999999814e-01 9.511000000000000357e-03 9.365000000000000061e-03
0.000000000000000000e+00 7.589669999999999472e-01 6.877039999999999820e-01 8.423999999999999197e-03 8.550000000000000308e-03
0.000000000000000000e+00 7.478259999999999907e-01 6.772190000000000154e-01 5.977999999999999807e-03 1.282600000000000059e-02
0.000000000000000000e+00 7.656250000000000000e-01 6.381310000000000038e-01 7.879999999999999852e-03 1.160399999999999973e-02
0.000000000000000000e+00 7.553670000000000107e-01 6.320240000000000302e-01 3.396999999999999846e-03 1.486200000000000021e-02
0.000000000000000000e+00 7.504079999999999639e-01 6.344670000000000032e-01 7.336999999999999772e-03 1.241899999999999948e-02
0.000000000000000000e+00 7.293479999999999963e-01 6.569629999999999637e-01 6.522000000000000020e-03 1.262199999999999954e-02
0.000000000000000000e+00 7.271060000000000301e-01 6.584889999999999910e-01 6.657999999999999856e-03 9.976000000000000492e-03
0.000000000000000000e+00 7.224180000000000046e-01 6.424060000000000326e-01 8.423999999999999197e-03 8.753999999999999629e-03
1.000000000000000000e+00 7.346470000000000500e-01 6.416939999999999866e-01 7.879999999999999852e-03 1.140099999999999968e-02
0.000000000000000000e+00 7.678669999999999662e-01 6.129890000000000061e-01 6.113999999999999643e-03 1.058599999999999992e-02
0.000000000000000000e+00 7.673229999999999773e-01 6.044380000000000308e-01 5.027000000000000218e-03 1.343600000000000003e-02
0.000000000000000000e+00 7.636549999999999727e-01 6.022999999999999465e-01 6.113999999999999643e-03 1.241899999999999948e-02
0.000000000000000000e+00 7.546869999999999967e-01 6.104439999999999866e-01 8.288000000000000228e-03 7.125000000000000257e-03
0.000000000000000000e+00 7.450409999999999533e-01 6.080010000000000137e-01 3.396999999999999846e-03 1.323299999999999997e-02
0.000000000000000000e+00 7.486410000000000009e-01 5.882530000000000259e-01 1.005400000000000044e-02 7.125000000000000257e-03
0.000000000000000000e+00 7.834240000000000093e-01 5.732899999999999663e-01 4.891000000000000382e-03 1.425099999999999978e-02
0.000000000000000000e+00 8.122960000000000180e-01 5.457039999999999669e-01 9.917999999999999733e-03 6.718000000000000013e-03
0.000000000000000000e+00 8.237769999999999815e-01 5.719670000000000032e-01 1.141299999999999953e-02 7.532999999999999766e-03
0.000000000000000000e+00 8.245919999999999916e-01 5.663679999999999826e-01 8.696000000000000604e-03 5.700000000000000205e-03
1.000000000000000000e+00 8.663039999999999630e-01 5.297230000000000549e-01 6.793000000000000427e-03 1.465799999999999916e-02
0.000000000000000000e+00 8.665079999999999449e-01 5.009160000000000279e-01 8.831999999999999573e-03 9.161000000000000740e-03
1.000000000000000000e+00 8.540079999999999893e-01 4.737379999999999924e-01 3.939999999999999926e-03 1.302900000000000065e-02
1.000000000000000000e+00 8.567930000000000268e-01 4.666120000000000267e-01 9.239000000000000684e-03 8.142999999999999197e-03
0.000000000000000000e+00 7.830160000000000453e-01 4.920599999999999974e-01 1.086999999999999945e-02 5.292999999999999962e-03
0.000000000000000000e+00 7.821329999999999671e-01 5.202569999999999695e-01 3.125000000000000173e-03 1.160399999999999973e-02
0.000000000000000000e+00 7.808420000000000361e-01 5.014250000000000096e-01 8.966999999999999277e-03 7.328999999999999578e-03
0.000000000000000000e+00 7.678669999999999662e-01 5.417349999999999666e-01 9.646999999999999326e-03 1.343600000000000003e-02
0.000000000000000000e+00 7.381790000000000296e-01 5.358309999999999462e-01 1.141299999999999953e-02 1.180800000000000079e-02
0.000000000000000000e+00 7.419839999999999769e-01 4.913480000000000070e-01 5.163000000000000055e-03 1.363999999999999935e-02
0.000000000000000000e+00 7.243889999999999496e-01 4.932819999999999983e-01 5.298999999999999891e-03 1.547199999999999964e-02
1.000000000000000000e+00 7.963989999999999680e-01 4.529719999999999858e-01 7.745000000000000148e-03 1.099299999999999930e-02
0.000000000000000000e+00 7.879080000000000528e-01 4.119499999999999829e-01 7.336999999999999772e-03 9.976000000000000492e-03
0.000000000000000000e+00 7.868209999999999926e-01 4.089979999999999727e-01 6.522000000000000020e-03 1.058599999999999992e-02
0.000000000000000000e+00 8.216710000000000402e-01 3.759159999999999724e-01 3.667999999999999820e-03 1.526899999999999959e-02
0.000000000000000000e+00 8.195649999999999880e-01 3.816160000000000108e-01 7.609000000000000312e-03 7.939999999999999142e-03
0.000000000000000000e+00 7.755429999999999824e-01 4.513440000000000230e-01 5.434999999999999727e-03 1.384400000000000040e-02
1.000000000000000000e+00 7.639270000000000227e-01 4.526669999999999860e-01 6.929000000000000263e-03 1.404700000000000046e-02
0.000000000000000000e+00 7.536680000000000046e-01 4.207040000000000224e-01 3.804000000000000090e-03 1.730500000000000094e-02
0.000000000000000000e+00 7.368890000000000162e-01 4.387210000000000276e-01 6.113999999999999643e-03 1.587900000000000075e-02
0.000000000000000000e+00 7.663720000000000532e-01 4.084889999999999910e-01 5.298999999999999891e-03 1.038299999999999987e-02
0.000000000000000000e+00 7.669160000000000421e-01 4.019750000000000267e-01 7.472999999999999608e-03 8.347000000000000253e-03
0.000000000000000000e+00 7.713320000000000176e-01 4.046210000000000084e-01 4.891000000000000382e-03 1.160399999999999973e-02
0.000000000000000000e+00 7.658970000000000500e-01 3.915919999999999956e-01 9.239000000000000684e-03 8.347000000000000253e-03
0.000000000000000000e+00 7.374319999999999764e-01 3.682819999999999983e-01 6.113999999999999643e-03 1.221500000000000016e-02
0.000000000000000000e+00 7.630430000000000268e-01 2.798249999999999904e-01 5.977999999999999807e-03 1.526899999999999959e-02
0.000000000000000000e+00 7.824729999999999741e-01 3.136200000000000099e-01 1.222799999999999929e-02 1.038299999999999987e-02
0.000000000000000000e+00 6.330160000000000231e-01 1.963560000000000028e-01 7.336999999999999772e-03 1.771199999999999858e-02
0.000000000000000000e+00 6.561820000000000430e-01 2.042960000000000054e-01 1.154900000000000024e-02 8.347000000000000253e-03
0.000000000000000000e+00 6.788720000000000310e-01 2.084689999999999876e-01 1.154900000000000024e-02 7.328999999999999578e-03
0.000000000000000000e+00 6.885189999999999921e-01 2.241450000000000109e-01 1.290799999999999934e-02 1.180800000000000079e-02
0.000000000000000000e+00 6.864810000000000079e-01 2.312700000000000033e-01 1.046200000000000081e-02 7.735999999999999821e-03
0.000000000000000000e+00 7.157609999999999806e-01 2.291330000000000033e-01 9.783000000000000029e-03 7.939999999999999142e-03
0.000000000000000000e+00 7.156249999999999556e-01 2.246539999999999926e-01 7.609000000000000312e-03 9.568000000000000116e-03
0.000000000000000000e+00 6.613449999999999607e-01 3.118890000000000273e-01 8.831999999999999573e-03 7.328999999999999578e-03
0.000000000000000000e+00 6.226220000000000088e-01 2.904109999999999747e-01 6.657999999999999856e-03 1.119700000000000036e-02
0.000000000000000000e+00 6.095789999999999820e-01 2.614009999999999945e-01 9.646999999999999326e-03 9.365000000000000061e-03
1.000000000000000000e+00 5.731659999999999533e-01 2.637419999999999765e-01 9.917999999999999733e-03 4.275000000000000154e-03
0.000000000000000000e+00 5.671869999999999967e-01 2.626220000000000221e-01 6.657999999999999856e-03 8.958000000000000684e-03
0.000000000000000000e+00 5.546200000000000019e-01 3.250199999999999756e-01 5.977999999999999807e-03 1.119700000000000036e-02
0.000000000000000000e+00 6.059099999999999486e-01 3.150450000000000195e-01 7.745000000000000148e-03 9.976000000000000492e-03
0.000000000000000000e+00 6.220790000000000486e-01 3.385589999999999988e-01 5.571000000000000431e-03 1.262199999999999954e-02
1.000000000000000000e+00 6.187500000000000222e-01 3.457859999999999823e-01 9.783000000000000029e-03 6.310999999999999770e-03
0.000000000000000000e+00 6.709920000000000329e-01 3.624800000000000244e-01 8.831999999999999573e-03 7.939999999999999142e-03
0.000000000000000000e+00 6.447009999999999685e-01 3.658390000000000253e-01 8.696000000000000604e-03 6.106999999999999582e-03
0.000000000000000000e+00 6.165079999999999449e-01 3.666530000000000067e-01 7.745000000000000148e-03 1.099299999999999930e-02
0.000000000000000000e+00 5.881110000000000504e-01 3.757130000000000192e-01 8.559999999999999901e-03 9.976000000000000492e-03
0.000000000000000000e+00 5.650819999999999732e-01 3.783590000000000009e-01 9.783000000000000029e-03 7.125000000000000257e-03
0.000000000000000000e+00 6.125000000000000444e-01 3.775450000000000195e-01 1.277200000000000037e-02 5.497000000000000150e-03
0.000000000000000000e+00 6.205159999999999565e-01 3.868079999999999852e-01 1.032600000000000011e-02 9.771999999999999437e-03
0.000000000000000000e+00 5.908290000000000486e-01 3.958670000000000244e-01 1.290799999999999934e-02 7.125000000000000257e-03
0.000000000000000000e+00 5.866850000000000120e-01 4.016689999999999983e-01 8.696000000000000604e-03 7.328999999999999578e-03
0.000000000000000000e+00 5.811140000000000194e-01 4.172429999999999750e-01 7.065000000000000099e-03 1.241899999999999948e-02
0.000000000000000000e+00 5.759509999999999907e-01 4.335300000000000264e-01 7.336999999999999772e-03 1.404700000000000046e-02
0.000000000000000000e+00 6.452449999999999575e-01 3.975980000000000070e-01 7.879999999999999852e-03 1.221500000000000016e-02
0.000000000000000000e+00 6.737090000000000023e-01 3.874190000000000134e-01 9.374999999999999653e-03 5.700000000000000205e-03
0.000000000000000000e+00 6.640620000000000411e-01 4.005500000000000171e-01 1.073400000000000049e-02 9.161000000000000740e-03
0.000000000000000000e+00 6.839669999999999916e-01 4.021779999999999800e-01 1.114099999999999986e-02 8.753999999999999629e-03
0.000000000000000000e+00 6.826769999999999783e-01 4.121540000000000203e-01 7.472999999999999608e-03 1.241899999999999948e-02
0.000000000000000000e+00 6.774459999999999926e-01 4.198899999999999855e-01 5.707000000000000267e-03 1.445399999999999983e-02
1.000000000000000000e+00 6.923230000000000217e-01 3.950529999999999875e-01 9.374999999999999653e-03 5.089999999999999906e-03
1.000000000000000000e+00 6.891300000000000203e-01 3.923050000000000148e-01 8.966999999999999277e-03 7.328999999999999578e-03
0.000000000000000000e+00 7.161680000000000268e-01 3.904719999999999858e-01 6.250000000000000347e-03 1.628699999999999939e-02
1.000000000000000000e+00 6.549589999999999579e-01 4.384159999999999724e-01 5.027000000000000218e-03 1.323299999999999997e-02
0.000000000000000000e+00 6.531249999999999556e-01 4.477809999999999846e-01 8.966999999999999277e-03 3.053999999999999857e-03
1.000000000000000000e+00 6.556389999999999718e-01 4.501220000000000221e-01 5.027000000000000218e-03 8.958000000000000684e-03
0.000000000000000000e+00 6.622280000000000388e-01 4.501220000000000221e-01 6.250000000000000347e-03 1.140099999999999968e-02
0.000000000000000000e+00 6.709920000000000329e-01 4.675289999999999724e-01 1.073400000000000049e-02 1.038299999999999987e-02
0.000000000000000000e+00 6.704480000000000439e-01 4.776059999999999750e-01 1.100499999999999916e-02 6.514999999999999958e-03
0.000000000000000000e+00 6.898100000000000342e-01 4.908390000000000253e-01 6.522000000000000020e-03 1.587900000000000075e-02
0.000000000000000000e+00 6.264269999999999561e-01 4.812699999999999756e-01 1.073400000000000049e-02 7.735999999999999821e-03
0.000000000000000000e+00 6.167799999999999949e-01 4.547030000000000238e-01 8.831999999999999573e-03 1.119700000000000036e-02
0.000000000000000000e+00 6.125000000000000444e-01 4.463559999999999750e-01 1.032600000000000011e-02 7.125000000000000257e-03
0.000000000000000000e+00 5.714669999999999472e-01 4.590799999999999881e-01 8.966999999999999277e-03 1.017900000000000055e-02
0.000000000000000000e+00 5.627039999999999820e-01 4.686480000000000090e-01 5.841999999999999971e-03 1.465799999999999916e-02
0.000000000000000000e+00 5.821330000000000116e-01 4.874800000000000244e-01 6.386000000000000183e-03 1.608300000000000007e-02
0.000000000000000000e+00 5.963990000000000125e-01 5.068200000000000482e-01 1.018999999999999941e-02 1.078999999999999924e-02
0.000000000000000000e+00 6.474860000000000060e-01 5.093649999999999567e-01 6.929000000000000263e-03 8.550000000000000308e-03
0.000000000000000000e+00 6.368209999999999704e-01 5.160829999999999584e-01 1.168499999999999921e-02 1.058599999999999992e-02
0.000000000000000000e+00 6.331520000000000481e-01 5.304360000000000186e-01 5.707000000000000267e-03 1.404700000000000046e-02
0.000000000000000000e+00 6.130430000000000046e-01 5.260590000000000543e-01 1.195700000000000061e-02 8.142999999999999197e-03
0.000000000000000000e+00 6.187500000000000222e-01 5.337950000000000195e-01 7.065000000000000099e-03 7.735999999999999821e-03
0.000000000000000000e+00 6.116169999999999662e-01 5.345069999999999544e-01 9.374999999999999653e-03 8.347000000000000253e-03
0.000000000000000000e+00 5.991849999999999676e-01 5.508960000000000523e-01 6.793000000000000427e-03 1.384400000000000040e-02
0.000000000000000000e+00 5.833559999999999857e-01 5.455010000000000137e-01 9.917999999999999733e-03 1.730500000000000094e-02
0.000000000000000000e+00 6.165079999999999449e-01 5.699309999999999654e-01 8.559999999999999901e-03 9.161000000000000740e-03
0.000000000000000000e+00 6.050269999999999815e-01 5.751220000000000221e-01 7.065000000000000099e-03 1.221500000000000016e-02
0.000000000000000000e+00 6.233020000000000227e-01 5.488600000000000145e-01 6.657999999999999856e-03 1.302900000000000065e-02
0.000000000000000000e+00 6.381790000000000518e-01 5.455010000000000137e-01 7.879999999999999852e-03 7.939999999999999142e-03
0.000000000000000000e+00 6.401489999999999680e-01 5.546619999999999884e-01 8.831999999999999573e-03 9.568000000000000116e-03
1.000000000000000000e+00 6.715349999999999930e-01 5.528300000000000436e-01 9.917999999999999733e-03 6.718000000000000013e-03
0.000000000000000000e+00 6.569970000000000532e-01 5.752239999999999576e-01 8.016000000000000555e-03 1.608300000000000007e-02
0.000000000000000000e+00 6.873639999999999750e-01 5.528300000000000436e-01 4.075999999999999762e-03 1.608300000000000007e-02
0.000000000000000000e+00 7.048910000000000453e-01 5.415309999999999846e-01 6.522000000000000020e-03 8.550000000000000308e-03
0.000000000000000000e+00 7.150140000000000384e-01 5.320639999999999814e-01 6.657999999999999856e-03 1.038299999999999987e-02
0.000000000000000000e+00 7.139950000000000463e-01 5.392919999999999936e-01 8.696000000000000604e-03 8.142999999999999197e-03
0.000000000000000000e+00 7.071330000000000116e-01 5.558840000000000447e-01 4.484000000000000138e-03 1.526899999999999959e-02
0.000000000000000000e+00 6.967389999999999972e-01 5.545600000000000529e-01 9.239000000000000684e-03 1.058599999999999992e-02
0.000000000000000000e+00 6.923230000000000217e-01 5.618889999999999718e-01 3.939999999999999926e-03 1.384400000000000040e-02
0.000000000000000000e+00 6.887229999999999741e-01 5.732899999999999663e-01 7.065000000000000099e-03 1.302900000000000065e-02
0.000000000000000000e+00 7.197689999999999921e-01 5.742059999999999942e-01 6.929000000000000263e-03 1.119700000000000036e-02
0.000000000000000000e+00 7.153530000000000166e-01 6.050489999999999480e-01 9.239000000000000684e-03 8.958000000000000684e-03
0.000000000000000000e+00 6.845109999999999806e-01 6.018930000000000113e-01 7.879999999999999852e-03 9.568000000000000116e-03
0.000000000000000000e+00 6.945649999999999880e-01 6.727400000000000047e-01 1.195700000000000061e-02 1.160399999999999973e-02
0.000000000000000000e+00 7.009509999999999907e-01 6.851589999999999625e-01 9.783000000000000029e-03 7.125000000000000257e-03
0.000000000000000000e+00 6.753400000000000514e-01 6.842430000000000456e-01 1.453800000000000057e-02 9.771999999999999437e-03
1.000000000000000000e+00 6.463989999999999458e-01 6.319219999999999837e-01 4.211999999999999598e-03 1.750799999999999926e-02
0.000000000000000000e+00 6.400820000000000398e-01 6.422029999999999683e-01 4.891000000000000382e-03 1.567599999999999896e-02
0.000000000000000000e+00 6.351900000000000324e-01 6.838359999999999994e-01 1.032600000000000011e-02 6.514999999999999958e-03
0.000000000000000000e+00 6.121600000000000374e-01 6.751829999999999776e-01 1.154900000000000024e-02 9.161000000000000740e-03
0.000000000000000000e+00 6.076089999999999547e-01 6.423050000000000148e-01 9.511000000000000357e-03 7.328999999999999578e-03
0.000000000000000000e+00 6.074730000000000407e-01 6.140069999999999695e-01 8.966999999999999277e-03 6.922000000000000201e-03
0.000000000000000000e+00 5.989130000000000287e-01 6.119710000000000427e-01 9.511000000000000357e-03 5.700000000000000205e-03
0.000000000000000000e+00 5.891979999999999995e-01 6.135990000000000055e-01 9.646999999999999326e-03 1.058599999999999992e-02
0.000000000000000000e+00 5.847830000000000528e-01 6.461729999999999974e-01 8.423999999999999197e-03 7.735999999999999821e-03
0.000000000000000000e+00 5.654209999999999514e-01 6.841409999999999991e-01 1.100499999999999916e-02 9.568000000000000116e-03
0.000000000000000000e+00 5.684780000000000388e-01 6.924879999999999924e-01 1.032600000000000011e-02 7.125000000000000257e-03
0.000000000000000000e+00 5.558419999999999472e-01 5.762420000000000320e-01 7.609000000000000312e-03 1.119700000000000036e-02
0.000000000000000000e+00 5.529209999999999958e-01 5.817390000000000061e-01 3.939999999999999926e-03 1.282600000000000059e-02
0.000000000000000000e+00 4.045520000000000227e-01 6.946250000000000480e-01 1.046200000000000081e-02 7.328999999999999578e-03
0.000000000000000000e+00 4.216710000000000180e-01 6.556389999999999718e-01 7.745000000000000148e-03 5.497000000000000150e-03
0.000000000000000000e+00 4.032609999999999806e-01 6.357899999999999663e-01 3.533000000000000116e-03 1.384400000000000040e-02
0.000000000000000000e+00 3.773779999999999912e-01 6.460709999999999509e-01 1.127700000000000057e-02 9.568000000000000116e-03
0.000000000000000000e+00 4.245920000000000250e-01 6.035220000000000029e-01 8.696000000000000604e-03 1.486200000000000021e-02
0.000000000000000000e+00 4.497280000000000166e-01 6.906560000000000477e-01 5.434999999999999727e-03 1.526899999999999959e-02
0.000000000000000000e+00 4.745920000000000138e-01 6.833270000000000177e-01 1.222799999999999929e-02 1.160399999999999973e-02
0.000000000000000000e+00 5.111409999999999565e-01 6.742669999999999497e-01 5.977999999999999807e-03 1.506500000000000027e-02
0.000000000000000000e+00 5.444290000000000518e-01 6.377239999999999576e-01 5.977999999999999807e-03 1.567599999999999896e-02
0.000000000000000000e+00 5.399460000000000370e-01 6.389449999999999852e-01 3.804000000000000090e-03 1.811899999999999969e-02
0.000000000000000000e+00 5.421880000000000033e-01 6.082039999999999669e-01 7.200999999999999936e-03 1.323299999999999997e-02
0.000000000000000000e+00 5.360049999999999537e-01 5.749189999999999579e-01 7.336999999999999772e-03 1.710100000000000162e-02
0.000000000000000000e+00 5.384510000000000129e-01 5.490639999999999965e-01 5.977999999999999807e-03 1.669400000000000051e-02
0.000000000000000000e+00 4.939540000000000042e-01 6.022999999999999465e-01 4.754999999999999678e-03 1.689699999999999883e-02
0.000000000000000000e+00 4.789399999999999769e-01 6.054559999999999942e-01 7.065000000000000099e-03 1.587900000000000075e-02
0.000000000000000000e+00 4.649460000000000259e-01 6.153300000000000436e-01 7.609000000000000312e-03 1.241899999999999948e-02
0.000000000000000000e+00 4.586959999999999926e-01 6.231680000000000552e-01 5.434999999999999727e-03 1.343600000000000003e-02
0.000000000000000000e+00 4.619570000000000065e-01 5.900859999999999994e-01 7.879999999999999852e-03 1.404700000000000046e-02
0.000000000000000000e+00 4.519020000000000259e-01 5.969060000000000477e-01 8.696000000000000604e-03 6.106999999999999582e-03
0.000000000000000000e+00 4.459239999999999871e-01 5.911030000000000451e-01 4.075999999999999762e-03 1.282600000000000059e-02
0.000000000000000000e+00 4.661680000000000268e-01 5.631110000000000282e-01 3.261000000000000010e-03 1.628699999999999939e-02
0.000000000000000000e+00 4.671870000000000189e-01 5.460099999999999953e-01 1.127700000000000057e-02 8.142999999999999197e-03
0.000000000000000000e+00 4.408969999999999834e-01 5.611770000000000369e-01 8.696000000000000604e-03 1.078999999999999924e-02
0.000000000000000000e+00 5.498640000000000194e-01 5.263640000000000541e-01 9.511000000000000357e-03 8.347000000000000253e-03
0.000000000000000000e+00 5.120919999999999916e-01 5.329800000000000093e-01 8.151999999999999524e-03 1.180800000000000079e-02
0.000000000000000000e+00 5.286009999999999875e-01 4.853419999999999956e-01 7.472999999999999608e-03 9.365000000000000061e-03
0.000000000000000000e+00 5.101219999999999644e-01 4.982699999999999907e-01 7.472999999999999608e-03 7.939999999999999142e-03
0.000000000000000000e+00 5.092389999999999972e-01 5.130289999999999573e-01 8.423999999999999197e-03 1.099299999999999930e-02
0.000000000000000000e+00 5.048909999999999787e-01 5.158789999999999765e-01 9.511000000000000357e-03 7.328999999999999578e-03
1.000000000000000000e+00 4.728939999999999810e-01 4.950120000000000076e-01 8.288000000000000228e-03 1.363999999999999935e-02
0.000000000000000000e+00 4.481660000000000088e-01 4.920599999999999974e-01 1.154900000000000024e-02 5.292999999999999962e-03
0.000000000000000000e+00 4.529889999999999750e-01 4.792350000000000221e-01 1.141299999999999953e-02 5.292999999999999962e-03
0.000000000000000000e+00 4.540080000000000227e-01 4.684450000000000003e-01 5.298999999999999891e-03 1.547199999999999964e-02
0.000000000000000000e+00 4.980299999999999727e-01 4.696659999999999724e-01 3.667999999999999820e-03 1.302900000000000065e-02
0.000000000000000000e+00 5.063180000000000458e-01 4.621339999999999892e-01 8.831999999999999573e-03 1.302900000000000065e-02
0.000000000000000000e+00 5.355980000000000185e-01 4.563309999999999866e-01 8.151999999999999524e-03 1.363999999999999935e-02
0.000000000000000000e+00 5.491169999999999662e-01 4.471700000000000119e-01 8.559999999999999901e-03 1.038299999999999987e-02
0.000000000000000000e+00 5.487090000000000023e-01 4.652890000000000081e-01 1.046200000000000081e-02 9.568000000000000116e-03
0.000000000000000000e+00 5.480300000000000171e-01 4.704800000000000093e-01 7.745000000000000148e-03 6.922000000000000201e-03
0.000000000000000000e+00 4.126360000000000028e-01 5.214779999999999971e-01 9.511000000000000357e-03 9.976000000000000492e-03
0.000000000000000000e+00 3.709239999999999760e-01 5.164900000000000047e-01 4.891000000000000382e-03 1.425099999999999978e-02
0.000000000000000000e+00 3.750680000000000125e-01 5.237169999999999881e-01 6.113999999999999643e-03 9.568000000000000116e-03
0.000000000000000000e+00 3.781249999999999889e-01 5.218850000000000433e-01 6.793000000000000427e-03 1.119700000000000036e-02
0.000000000000000000e+00 4.340350000000000041e-01 4.489009999999999945e-01 8.831999999999999573e-03 1.262199999999999954e-02
0.000000000000000000e+00 4.616850000000000120e-01 4.308839999999999892e-01 9.511000000000000357e-03 1.038299999999999987e-02
0.000000000000000000e+00 4.898100000000000231e-01 4.224350000000000049e-01 6.793000000000000427e-03 1.750799999999999926e-02
0.000000000000000000e+00 5.291439999999999477e-01 4.364819999999999811e-01 1.263599999999999966e-02 8.142999999999999197e-03
0.000000000000000000e+00 5.116169999999999884e-01 4.280329999999999968e-01 5.571000000000000431e-03 1.363999999999999935e-02
0.000000000000000000e+00 5.169160000000000421e-01 4.143930000000000113e-01 9.917999999999999733e-03 1.038299999999999987e-02
0.000000000000000000e+00 4.990490000000000204e-01 3.997350000000000070e-01 9.239000000000000684e-03 7.939999999999999142e-03
0.000000000000000000e+00 5.053670000000000107e-01 3.841609999999999747e-01 1.073400000000000049e-02 1.017900000000000055e-02
0.000000000000000000e+00 5.405569999999999542e-01 3.663480000000000070e-01 6.929000000000000263e-03 1.649000000000000118e-02
0.000000000000000000e+00 4.834919999999999773e-01 3.536239999999999939e-01 5.027000000000000218e-03 1.465799999999999916e-02
0.000000000000000000e+00 4.702450000000000241e-01 3.781559999999999921e-01 8.966999999999999277e-03 4.682000000000000398e-03
0.000000000000000000e+00 4.530569999999999875e-01 3.993280000000000163e-01 1.018999999999999941e-02 8.753999999999999629e-03
0.000000000000000000e+00 4.148780000000000245e-01 4.062500000000000000e-01 7.472999999999999608e-03 1.323299999999999997e-02
0.000000000000000000e+00 4.137230000000000074e-01 3.789699999999999736e-01 5.434999999999999727e-03 1.811899999999999969e-02
0.000000000000000000e+00 3.949050000000000060e-01 3.786640000000000006e-01 1.100499999999999916e-02 8.550000000000000308e-03
1.000000000000000000e+00 3.959920000000000107e-01 3.681800000000000073e-01 9.374999999999999653e-03 7.532999999999999766e-03
0.000000000000000000e+00 4.027850000000000041e-01 3.567790000000000128e-01 6.929000000000000263e-03 7.939999999999999142e-03
0.000000000000000000e+00 3.767659999999999898e-01 3.657369999999999788e-01 8.696000000000000604e-03 1.730500000000000094e-02
0.000000000000000000e+00 3.791439999999999810e-01 3.821249999999999925e-01 6.386000000000000183e-03 1.465799999999999916e-02
0.000000000000000000e+00 3.870919999999999916e-01 3.396779999999999800e-01 4.891000000000000382e-03 1.363999999999999935e-02
0.000000000000000000e+00 3.997959999999999847e-01 3.456839999999999913e-01 4.211999999999999598e-03 1.058599999999999992e-02
0.000000000000000000e+00 3.940219999999999834e-01 3.490429999999999922e-01 6.793000000000000427e-03 9.568000000000000116e-03
0.000000000000000000e+00 3.895379999999999954e-01 3.469059999999999921e-01 3.804000000000000090e-03 1.262199999999999954e-02
1.000000000000000000e+00 3.934099999999999819e-01 3.421210000000000084e-01 4.754999999999999678e-03 1.119700000000000036e-02
0.000000000000000000e+00 3.737090000000000134e-01 3.033390000000000253e-01 6.386000000000000183e-03 1.140099999999999968e-02
0.000000000000000000e+00 3.414400000000000213e-01 4.311889999999999890e-01 1.005400000000000044e-02 8.550000000000000308e-03
1.000000000000000000e+00 3.183420000000000138e-01 4.120519999999999738e-01 7.336999999999999772e-03 1.221500000000000016e-02
0.000000000000000000e+00 3.433419999999999805e-01 3.871129999999999849e-01 4.348000000000000302e-03 1.567599999999999896e-02
0.000000000000000000e+00 3.057739999999999903e-01 3.773409999999999820e-01 5.841999999999999971e-03 1.567599999999999896e-02
0.000000000000000000e+00 2.724860000000000060e-01 3.427319999999999811e-01 1.127700000000000057e-02 6.718000000000000013e-03
0.000000000000000000e+00 2.658289999999999820e-01 3.136200000000000099e-01 4.754999999999999678e-03 1.445399999999999983e-02
1.000000000000000000e+00 2.930710000000000259e-01 2.978419999999999956e-01 1.086999999999999945e-02 1.221500000000000016e-02
0.000000000000000000e+00 3.355299999999999949e-01 3.231879999999999753e-01 6.657999999999999856e-03 1.201100000000000084e-02
0.000000000000000000e+00 3.541440000000000143e-01 3.356069999999999887e-01 1.263599999999999966e-02 8.753999999999999629e-03
0.000000000000000000e+00 3.252720000000000056e-01 2.648619999999999863e-01 6.250000000000000347e-03 1.425099999999999978e-02
0.000000000000000000e+00 3.448370000000000046e-01 2.719869999999999788e-01 8.151999999999999524e-03 1.547199999999999964e-02
1.000000000000000000e+00 3.907610000000000250e-01 2.541729999999999823e-01 7.065000000000000099e-03 1.201100000000000084e-02
1.000000000000000000e+00 4.544159999999999866e-01 3.406959999999999988e-01 6.113999999999999643e-03 1.404700000000000046e-02
0.000000000000000000e+00 4.072689999999999921e-01 2.735139999999999794e-01 5.298999999999999891e-03 1.282600000000000059e-02
0.000000000000000000e+00 4.420520000000000005e-01 2.411439999999999972e-01 6.657999999999999856e-03 1.730500000000000094e-02
0.000000000000000000e+00 4.470109999999999917e-01 2.622149999999999759e-01 5.163000000000000055e-03 1.465799999999999916e-02
1.000000000000000000e+00 4.978940000000000032e-01 2.804360000000000186e-01 7.200999999999999936e-03 1.649000000000000118e-02
1.000000000000000000e+00 5.222830000000000528e-01 3.116860000000000186e-01 5.707000000000000267e-03 1.628699999999999939e-02
0.000000000000000000e+00 5.190219999999999834e-01 2.674059999999999770e-01 7.065000000000000099e-03 1.486200000000000021e-02
0.000000000000000000e+00 4.880430000000000046e-01 3.226789999999999936e-01 8.151999999999999524e-03 1.384400000000000040e-02
0.000000000000000000e+00 4.676629999999999954e-01 3.137210000000000276e-01 5.163000000000000055e-03 1.180800000000000079e-02
0.000000000000000000e+00 4.674590000000000134e-01 3.207450000000000023e-01 6.386000000000000183e-03 1.119700000000000036e-02
0.000000000000000000e+00 5.043480000000000185e-01 3.377439999999999887e-01 9.239000000000000684e-03 4.479000000000000342e-03
0.000000000000000000e+00 5.070649999999999880e-01 3.356069999999999887e-01 6.250000000000000347e-03 7.125000000000000257e-03
0.000000000000000000e+00 5.059780000000000388e-01 3.313309999999999866e-01 7.336999999999999772e-03 6.718000000000000013e-03
0.000000000000000000e+00 5.420519999999999783e-01 1.922840000000000105e-01 4.211999999999999598e-03 1.486200000000000021e-02
0.000000000000000000e+00 4.999319999999999875e-01 2.112169999999999881e-01 1.018999999999999941e-02 9.568000000000000116e-03
0.000000000000000000e+00 4.760190000000000254e-01 1.925900000000000112e-01 5.841999999999999971e-03 1.587900000000000075e-02
0.000000000000000000e+00 4.708559999999999968e-01 2.289289999999999936e-01 1.046200000000000081e-02 6.718000000000000013e-03
0.000000000000000000e+00 4.211280000000000023e-01 2.220070000000000099e-01 9.374999999999999653e-03 1.486200000000000021e-02
0.000000000000000000e+00 4.197009999999999907e-01 1.927929999999999922e-01 7.336999999999999772e-03 1.384400000000000040e-02
0.000000000000000000e+00 3.840350000000000152e-01 2.060259999999999869e-01 5.841999999999999971e-03 1.384400000000000040e-02
0.000000000000000000e+00 3.523100000000000120e-01 5.499800000000000244e-01 4.348000000000000302e-03 1.160399999999999973e-02
0.000000000000000000e+00 3.472149999999999959e-01 5.429559999999999942e-01 7.472999999999999608e-03 8.958000000000000684e-03
0.000000000000000000e+00 3.379079999999999862e-01 5.022389999999999910e-01 5.977999999999999807e-03 1.506500000000000027e-02
0.000000000000000000e+00 3.186140000000000083e-01 4.628459999999999797e-01 7.336999999999999772e-03 6.718000000000000013e-03
0.000000000000000000e+00 3.429349999999999898e-01 6.397599999999999953e-01 5.163000000000000055e-03 1.526899999999999959e-02
0.000000000000000000e+00 3.381790000000000074e-01 6.438310000000000421e-01 5.707000000000000267e-03 1.282600000000000059e-02
0.000000000000000000e+00 2.746600000000000152e-01 6.765069999999999695e-01 5.841999999999999971e-03 1.628699999999999939e-02
0.000000000000000000e+00 2.601899999999999769e-01 6.800690000000000346e-01 9.511000000000000357e-03 1.201100000000000084e-02
0.000000000000000000e+00 2.636549999999999727e-01 5.852000000000000535e-01 3.396999999999999846e-03 1.282600000000000059e-02
0.000000000000000000e+00 2.137229999999999963e-01 6.769140000000000157e-01 5.163000000000000055e-03 1.547199999999999964e-02
0.000000000000000000e+00 2.073369999999999935e-01 6.672430000000000305e-01 1.059799999999999978e-02 6.718000000000000013e-03
0.000000000000000000e+00 1.957879999999999898e-01 6.693810000000000038e-01 7.065000000000000099e-03 1.262199999999999954e-02
0.000000000000000000e+00 2.086959999999999926e-01 4.950120000000000076e-01 3.804000000000000090e-03 1.649000000000000118e-02
