16 0.125272 0.719564 0.008967 0.007940
15 0.121060 0.701445 0.003261 0.010790
16 0.155299 0.634874 0.004348 0.010790
15 0.180571 0.615228 0.005978 0.017101
15 0.219837 0.679357 0.004620 0.015065
15 0.208899 0.701751 0.007473 0.008143
15 0.213111 0.711523 0.006386 0.008958
15 0.214674 0.718954 0.008696 0.005090
15 0.239063 0.716205 0.006386 0.012215
15 0.249660 0.704805 0.003940 0.013029
15 0.267323 0.706331 0.007201 0.007125
15 0.283967 0.698392 0.002174 0.014454
15 0.289538 0.701242 0.003261 0.013233
15 0.286073 0.714373 0.002582 0.012215
15 0.244769 0.673758 0.007745 0.007533
15 0.253872 0.664190 0.006114 0.008347
15 0.280027 0.621030 0.006793 0.010790
15 0.161141 0.592121 0.003533 0.014454
15 0.215557 0.566979 0.004212 0.012215
15 0.259511 0.572170 0.004076 0.013640
16 0.188179 0.536441 0.008696 0.004886
16 0.162772 0.526873 0.005435 0.013436
15 0.269429 0.499898 0.006250 0.010790
15 0.262432 0.440452 0.008288 0.008754
15 0.208152 0.444524 0.004891 0.013233
15 0.234239 0.339984 0.008152 0.006107
15 0.274728 0.299165 0.008424 0.007125
16 0.300543 0.289393 0.007337 0.011604
16 0.331658 0.323086 0.009239 0.008550
16 0.344022 0.257024 0.008424 0.007940
16 0.415693 0.333469 0.008016 0.004886
15 0.422690 0.333367 0.007880 0.007125
15 0.460258 0.297537 0.005027 0.015269
15 0.440625 0.268526 0.007880 0.014658
15 0.435122 0.249389 0.008560 0.013436
15 0.447351 0.360749 0.008832 0.005293
15 0.435870 0.347516 0.006522 0.011401
16 0.424049 0.385383 0.007337 0.004479
16 0.421196 0.385790 0.002717 0.010586
15 0.418342 0.389963 0.002717 0.013233
15 0.409375 0.446865 0.007337 0.008550
15 0.456386 0.464882 0.005163 0.010790
15 0.414402 0.469259 0.005435 0.013029
15 0.397418 0.471091 0.002717 0.012622
15 0.387500 0.453481 0.002717 0.012826
15 0.379212 0.425692 0.004348 0.014658
16 0.352514 0.393933 0.004755 0.008143
15 0.296535 0.421824 0.005571 0.011808
15 0.338791 0.461828 0.008288 0.005090
15 0.455842 0.534202 0.008152 0.004072
15 0.407948 0.516897 0.006114 0.010993
15 0.400815 0.538375 0.003533 0.011604
15 0.388043 0.528298 0.003261 0.011808
15 0.331250 0.509568 0.010870 0.007329
15 0.329416 0.518424 0.004212 0.011604
15 0.328601 0.544992 0.006658 0.012215
15 0.347147 0.578074 0.008967 0.004682
15 0.294361 0.604845 0.004212 0.010179
15 0.346943 0.626934 0.003125 0.011197
15 0.398030 0.624796 0.009103 0.006922
16 0.420856 0.600163 0.006658 0.008143
15 0.341236 0.713966 0.008288 0.007736
15 0.364810 0.705517 0.003804 0.012826
15 0.395788 0.701445 0.005435 0.009161
15 0.380299 0.676303 0.006522 0.005293
15 0.380707 0.709996 0.006522 0.006311
16 0.416168 0.709894 0.004891 0.004886
16 0.412500 0.660627 0.008696 0.005700
16 0.449457 0.655843 0.004076 0.011197
16 0.480707 0.641083 0.004076 0.011808
16 0.492935 0.699919 0.004620 0.013436
15 0.464742 0.698901 0.002582 0.013844
15 0.463247 0.670704 0.008288 0.004682
15 0.418682 0.711319 0.006658 0.005700
15 0.426495 0.690045 0.005978 0.008754
15 0.421943 0.686279 0.007473 0.005293
15 0.465625 0.659914 0.005707 0.009568
15 0.436821 0.665513 0.006793 0.004479
15 0.432609 0.661747 0.007337 0.004682
15 0.428261 0.660525 0.005435 0.008347
15 0.471739 0.543058 0.005707 0.010383
15 0.484851 0.529316 0.006386 0.008958
16 0.468546 0.514047 0.002582 0.010993
15 0.467120 0.507533 0.008152 0.004886
16 0.478465 0.457757 0.002853 0.013233
15 0.474728 0.419788 0.002446 0.013436
15 0.471264 0.193913 0.008016 0.005090
15 0.495584 0.247353 0.006386 0.008550
15 0.475340 0.242162 0.003397 0.011604
15 0.477242 0.230660 0.005842 0.005700
15 0.479484 0.233306 0.005707 0.006922
16 0.480910 0.235749 0.006658 0.005700
15 0.536821 0.168363 0.008967 0.004479
15 0.528601 0.218445 0.005027 0.011401
15 0.553804 0.213559 0.002989 0.010993
15 0.591101 0.197170 0.002038 0.010790
15 0.605910 0.199206 0.004484 0.011197
15 0.617323 0.230863 0.002582 0.010586
15 0.620245 0.240432 0.004620 0.010586
15 0.646943 0.221295 0.005571 0.010586
15 0.638859 0.238905 0.006793 0.004275
16 0.638383 0.244198 0.009375 0.004682
15 0.574389 0.229336 0.003125 0.014047
15 0.517323 0.271274 0.008560 0.006311
15 0.521739 0.272496 0.005978 0.009161
15 0.546875 0.254784 0.007337 0.008754
16 0.532541 0.293872 0.005842 0.009976
16 0.567323 0.301914 0.007473 0.006107
15 0.588043 0.281555 0.006793 0.007329
16 0.628872 0.300081 0.002853 0.011808
16 0.618750 0.300794 0.006250 0.009568
15 0.572418 0.307207 0.005978 0.010179
15 0.558220 0.302321 0.006929 0.010993
15 0.556250 0.309955 0.007880 0.005497
15 0.597147 0.325631 0.007880 0.006718
15 0.646060 0.346193 0.008696 0.007125
15 0.664946 0.321458 0.002989 0.014658
15 0.580639 0.328074 0.003668 0.011197
15 0.552446 0.364515 0.003533 0.015269
15 0.522826 0.382024 0.007609 0.011604
15 0.509307 0.348025 0.003940 0.012826
15 0.508764 0.429255 0.005842 0.011604
15 0.550408 0.427219 0.005707 0.009976
16 0.565014 0.416022 0.007745 0.005904
15 0.576291 0.411849 0.008288 0.006107
15 0.581590 0.405639 0.005842 0.007940
15 0.579008 0.379784 0.004484 0.011604
15 0.594905 0.394239 0.008016 0.005904
16 0.608152 0.377239 0.005707 0.004479
15 0.608288 0.380497 0.009239 0.007329
15 0.609579 0.396682 0.003668 0.012011
15 0.655842 0.371336 0.007880 0.005293
15 0.651087 0.391287 0.002717 0.012215
15 0.648505 0.399939 0.004076 0.011604
15 0.650883 0.412663 0.007745 0.009772
15 0.568274 0.427321 0.007201 0.008550
15 0.596943 0.438314 0.005571 0.010179
15 0.595380 0.440859 0.005435 0.009161
15 0.587296 0.450529 0.003397 0.014251
15 0.583152 0.451038 0.007065 0.007533
15 0.585802 0.468445 0.002853 0.014251
15 0.582133 0.471600 0.006929 0.006311
15 0.583016 0.482492 0.004891 0.010179
15 0.582745 0.505599 0.005435 0.010790
16 0.613859 0.468139 0.004076 0.010790
16 0.636617 0.493180 0.004212 0.012011
15 0.628668 0.485647 0.005707 0.011197
15 0.620109 0.497353 0.008152 0.010993
16 0.608832 0.503461 0.006793 0.010586
15 0.525883 0.456026 0.004755 0.011808
15 0.509239 0.503054 0.004348 0.012622
15 0.512432 0.519239 0.004484 0.013233
15 0.535258 0.531148 0.008288 0.010586
15 0.526630 0.556393 0.007065 0.010179
15 0.548709 0.557410 0.006929 0.010586
15 0.526427 0.576954 0.009103 0.007736
15 0.533288 0.590900 0.005978 0.012419
15 0.541033 0.595786 0.002989 0.013640
15 0.652785 0.544585 0.003668 0.011401
15 0.656861 0.549878 0.005027 0.008958
15 0.640761 0.568607 0.008424 0.004072
15 0.629008 0.602911 0.005027 0.011604
15 0.586073 0.592325 0.005571 0.011197
16 0.520041 0.608408 0.008832 0.007125
16 0.509783 0.648921 0.007609 0.006718
15 0.506386 0.676099 0.003261 0.012622
15 0.550679 0.643322 0.004620 0.011401
15 0.551630 0.664292 0.003533 0.013844
15 0.571603 0.679255 0.004348 0.012826
15 0.611141 0.678237 0.006793 0.010790
15 0.572622 0.713050 0.008288 0.007940
15 0.552174 0.702667 0.008152 0.007125
15 0.538587 0.692284 0.005978 0.011197
15 0.501223 0.710200 0.005163 0.011197
15 0.502649 0.692997 0.009103 0.006515
15 0.512228 0.703278 0.006793 0.007533
16 0.511413 0.709080 0.008424 0.004072
15 0.687908 0.684446 0.006793 0.005293
15 0.690014 0.677423 0.003668 0.012826
15 0.677174 0.639963 0.006522 0.012419
15 0.692323 0.629173 0.006114 0.010383
15 0.717595 0.642712 0.009918 0.006922
15 0.756046 0.636401 0.003668 0.017101
15 0.763859 0.636502 0.005163 0.014047
15 0.727853 0.581942 0.006250 0.013640
15 0.733832 0.579703 0.004076 0.011197
16 0.680639 0.467732 0.005842 0.011197
15 0.711481 0.533693 0.004484 0.011604
15 0.719226 0.535525 0.007745 0.009161
15 0.771060 0.532777 0.006793 0.007736
15 0.795788 0.523310 0.007065 0.007125
15 0.794429 0.490635 0.007065 0.006515
15 0.785462 0.490024 0.005435 0.012622
15 0.794158 0.442284 0.003804 0.013233
16 0.779891 0.420399 0.008152 0.007329
15 0.708764 0.387113 0.011277 0.004682
16 0.691508 0.405639 0.009375 0.009568
15 0.670380 0.360037 0.003261 0.012826
15 0.716236 0.370419 0.009647 0.008347
15 0.693750 0.358713 0.008152 0.011401
15 0.745856 0.340594 0.009103 0.006107
15 0.751087 0.360546 0.003804 0.016694
15 0.757473 0.358306 0.004891 0.010993
15 0.668478 0.302423 0.003261 0.014047
15 0.678601 0.311279 0.005842 0.010586
15 0.704212 0.296722 0.008152 0.006718
15 0.681046 0.244707 0.003668 0.012622
15 0.707201 0.261808 0.005707 0.010586
15 0.712228 0.269340 0.004348 0.012215
15 0.688451 0.275550 0.007337 0.008347
15 0.721943 0.308123 0.008832 0.005090
15 0.710054 0.304560 0.005978 0.011401
15 0.683560 0.289495 0.010054 0.004072
15 0.681182 0.294585 0.008016 0.006107
15 0.682269 0.297740 0.007745 0.005904
16 0.705299 0.328583 0.004891 0.009772
15 0.848505 0.671519 0.009511 0.007533
