15 0.333696 0.405436 0.004076 0.010790
15 0.433764 0.380090 0.007473 0.008143
15 0.346467 0.487683 0.002989 0.013233
15 0.455095 0.440045 0.005571 0.010383
16 0.423234 0.410118 0.008424 0.003868
16 0.430842 0.413172 0.008152 0.005497
16 0.456997 0.410016 0.002582 0.012622
16 0.430027 0.434955 0.007337 0.008754
16 0.432948 0.483510 0.008832 0.004886
16 0.476019 0.464068 0.002853 0.010790
16 0.494429 0.413681 0.004891 0.010586
15 0.502446 0.452463 0.007337 0.004275
15 0.418207 0.464475 0.007065 0.008754
15 0.432133 0.471397 0.008288 0.005904
15 0.425747 0.325631 0.003125 0.012826
15 0.474932 0.301303 0.003397 0.010586
15 0.475951 0.339882 0.007880 0.005090
16 0.492867 0.352911 0.006929 0.006718
15 0.503261 0.331433 0.005435 0.011808
16 0.544769 0.336217 0.009375 0.005497
16 0.535802 0.378257 0.008016 0.007329
15 0.525408 0.415920 0.007609 0.006922
15 0.524932 0.421112 0.006658 0.010383
15 0.589130 0.326344 0.006793 0.010586
15 0.380503 0.496946 0.007201 0.005700
15 0.340625 0.554560 0.009239 0.006515
15 0.377989 0.539088 0.006793 0.010179
15 0.393750 0.547333 0.006793 0.008754
15 0.377378 0.574817 0.004484 0.011604
16 0.376495 0.586523 0.007609 0.006107
15 0.396399 0.596193 0.003397 0.012011
16 0.423234 0.588151 0.004891 0.011401
16 0.436413 0.576344 0.005707 0.010993
16 0.416848 0.495725 0.007609 0.008550
15 0.405095 0.500814 0.004755 0.009365
15 0.443410 0.496234 0.005027 0.011197
15 0.435462 0.550183 0.006250 0.008347
16 0.454620 0.539393 0.008152 0.007125
16 0.456522 0.585301 0.003533 0.010993
16 0.448709 0.591612 0.006114 0.008958
15 0.452378 0.583571 0.006386 0.006718
16 0.399457 0.694015 0.008152 0.004886
16 0.456454 0.694218 0.005571 0.012622
16 0.494429 0.695949 0.008696 0.005497
16 0.491101 0.629377 0.007473 0.007940
15 0.447283 0.697170 0.008967 0.004682
15 0.479280 0.696865 0.005842 0.008958
16 0.484918 0.699919 0.008424 0.004886
15 0.481929 0.497761 0.003804 0.013436
16 0.493478 0.472313 0.007880 0.004479
16 0.497215 0.486055 0.008288 0.007533
16 0.505367 0.490635 0.006929 0.007329
16 0.479348 0.507838 0.008152 0.004682
16 0.487432 0.513538 0.008016 0.006718
16 0.515829 0.511502 0.006114 0.009161
15 0.512568 0.511604 0.005842 0.012215
16 0.500272 0.547435 0.008696 0.011808
16 0.525679 0.544279 0.008696 0.008347
16 0.529687 0.534507 0.004484 0.011197
16 0.549321 0.528705 0.002717 0.014251
16 0.552038 0.537154 0.004620 0.012419
16 0.541101 0.496336 0.003125 0.010586
15 0.506590 0.470277 0.006658 0.009772
15 0.523641 0.473738 0.006793 0.008550
15 0.525408 0.485138 0.004348 0.010586
15 0.546875 0.453583 0.002989 0.013436
15 0.578533 0.463762 0.003804 0.012622
15 0.604212 0.498779 0.007880 0.004886
15 0.547690 0.585505 0.008152 0.006107
15 0.556522 0.566470 0.007880 0.007125
15 0.579144 0.576853 0.006386 0.011197
15 0.551223 0.648005 0.004076 0.013436
15 0.543954 0.654214 0.007473 0.009976
15 0.514810 0.689841 0.008967 0.005904
15 0.587908 0.707655 0.007337 0.006922
16 0.511073 0.628664 0.004755 0.013436
16 0.504212 0.659711 0.005978 0.010790
16 0.514130 0.664088 0.006250 0.010586
16 0.527446 0.598127 0.004891 0.012622
16 0.528465 0.589271 0.009103 0.007125
16 0.512636 0.578074 0.004348 0.012011
15 0.511549 0.582451 0.008967 0.006515
15 0.513519 0.578990 0.007745 0.006922
16 0.540353 0.580314 0.007880 0.008754
15 0.541984 0.597109 0.004620 0.010993
16 0.559647 0.585098 0.007880 0.008958
16 0.560258 0.601893 0.007201 0.006311
16 0.575543 0.594870 0.005163 0.010586
16 0.585870 0.608612 0.007880 0.007940
15 0.609851 0.614719 0.003397 0.013233
15 0.595516 0.594259 0.004620 0.012622
16 0.545380 0.679967 0.004076 0.013029
16 0.550747 0.682309 0.008560 0.008347
16 0.605503 0.687805 0.007473 0.010790
16 0.594497 0.709182 0.005842 0.011197
15 0.615489 0.703583 0.004348 0.011808
16 0.623573 0.694015 0.009647 0.006922
16 0.619226 0.629479 0.005027 0.010586
16 0.753193 0.632431 0.004755 0.014047
15 0.637704 0.696254 0.003940 0.012622
15 0.666033 0.689027 0.004620 0.013233
15 0.702582 0.696661 0.005435 0.009772
15 0.630367 0.659609 0.003668 0.013029
15 0.658288 0.649125 0.008152 0.008347
15 0.640897 0.594971 0.008967 0.003868
16 0.639130 0.613192 0.006250 0.011808
15 0.646603 0.600163 0.006522 0.007736
15 0.650543 0.596397 0.008424 0.006311
16 0.669769 0.610342 0.005027 0.012622
15 0.688383 0.595175 0.005299 0.014047
16 0.549796 0.566470 0.003668 0.012826
15 0.565965 0.561177 0.007745 0.006311
15 0.605571 0.534304 0.008967 0.010383
15 0.618886 0.567284 0.005435 0.011197
16 0.551766 0.471906 0.007065 0.010179
16 0.569633 0.484528 0.007473 0.010179
16 0.589470 0.471702 0.007201 0.009365
16 0.589742 0.492875 0.005571 0.011401
16 0.615625 0.500102 0.004620 0.011604
16 0.630367 0.530741 0.008560 0.006922
16 0.629959 0.508754 0.004484 0.013029
15 0.620177 0.498880 0.006658 0.008754
15 0.639810 0.548555 0.003533 0.013233
15 0.645245 0.546112 0.009511 0.005497
16 0.560666 0.568709 0.003397 0.013640
16 0.601834 0.465798 0.002853 0.013029
16 0.620380 0.460810 0.002989 0.012419
16 0.670652 0.526160 0.004076 0.012826
16 0.650136 0.480151 0.004076 0.014862
16 0.642595 0.490228 0.008016 0.014251
16 0.629484 0.432207 0.004891 0.015065
16 0.694973 0.448595 0.007609 0.012419
15 0.563587 0.448493 0.009511 0.005700
16 0.560190 0.454601 0.010870 0.010586
16 0.583492 0.449002 0.007745 0.013640
15 0.594633 0.437093 0.006929 0.012622
15 0.774524 0.701242 0.005027 0.013640
16 0.600815 0.520562 0.005707 0.011808
