15 0.827242 0.694218 0.006386 0.008143
15 0.855978 0.650651 0.007880 0.006515
15 0.873166 0.643424 0.002853 0.012826
15 0.829484 0.639658 0.005707 0.006515
15 0.829891 0.619300 0.008152 0.004072
15 0.820109 0.645155 0.007065 0.008958
15 0.770856 0.688925 0.009375 0.003664
15 0.742323 0.673860 0.007745 0.004479
15 0.826223 0.586726 0.007609 0.006107
15 0.821671 0.580415 0.007201 0.004886
15 0.745177 0.566164 0.005571 0.012215
15 0.782541 0.530029 0.004212 0.012011
15 0.799932 0.520460 0.007745 0.005090
15 0.782133 0.489312 0.009647 0.005090
15 0.713995 0.645053 0.004348 0.012011
15 0.713723 0.601588 0.006793 0.009365
15 0.721332 0.562398 0.006793 0.010383
15 0.723505 0.534100 0.005707 0.007125
16 0.723302 0.526262 0.005027 0.010179
15 0.725000 0.467121 0.008424 0.004275
15 0.748573 0.480049 0.003125 0.011808
15 0.761821 0.476995 0.004348 0.012622
15 0.761141 0.460912 0.006250 0.009772
15 0.761209 0.453379 0.005027 0.012215
15 0.797418 0.458673 0.004348 0.006107
15 0.800204 0.456840 0.006114 0.010993
15 0.708016 0.351486 0.006250 0.009568
15 0.704484 0.396376 0.005707 0.006922
15 0.734035 0.376425 0.005842 0.004479
16 0.734783 0.402993 0.006522 0.009161
15 0.766984 0.371641 0.002446 0.010790
16 0.790761 0.389149 0.002446 0.011197
15 0.782269 0.417549 0.005027 0.008958
15 0.762228 0.411136 0.007337 0.007125
15 0.758764 0.340900 0.003668 0.014047
15 0.720448 0.271274 0.006658 0.009976
15 0.715421 0.306189 0.004212 0.011808
15 0.551698 0.177117 0.005842 0.008143
15 0.564810 0.184650 0.007337 0.003664
15 0.645992 0.257634 0.005842 0.008754
15 0.550272 0.330110 0.004620 0.010383
16 0.614878 0.349450 0.003125 0.012011
15 0.627310 0.339271 0.003261 0.014454
16 0.663383 0.352708 0.006658 0.008347
15 0.684307 0.319931 0.009375 0.003054
15 0.690693 0.322985 0.003125 0.010790
15 0.696128 0.350265 0.003125 0.012011
15 0.609783 0.385179 0.002717 0.012215
15 0.550136 0.454092 0.006250 0.009161
15 0.584715 0.450020 0.007745 0.006311
15 0.584307 0.464475 0.006114 0.007125
15 0.591916 0.468546 0.004755 0.009976
15 0.586957 0.489007 0.007880 0.006922
15 0.603329 0.485749 0.003125 0.013436
15 0.608832 0.498779 0.006793 0.008143
15 0.676359 0.459283 0.008967 0.005293
15 0.671535 0.468139 0.008016 0.007533
16 0.672894 0.493180 0.003940 0.012826
15 0.602446 0.531759 0.005978 0.010179
16 0.608764 0.533489 0.005842 0.009161
15 0.607405 0.540615 0.004755 0.009568
15 0.548234 0.584283 0.007880 0.005293
16 0.572758 0.579601 0.006114 0.012622
15 0.630231 0.558327 0.006658 0.009161
15 0.634239 0.565656 0.007609 0.005090
15 0.595177 0.610138 0.002582 0.012622
15 0.560870 0.643017 0.007609 0.003461
15 0.563791 0.646682 0.007473 0.003461
15 0.562364 0.653400 0.004620 0.010790
15 0.585870 0.637826 0.008424 0.003664
15 0.597215 0.635281 0.002582 0.012011
16 0.602785 0.633754 0.008560 0.005700
15 0.551834 0.680375 0.006114 0.009365
15 0.577649 0.673555 0.008016 0.005497
15 0.579416 0.664902 0.006386 0.004886
16 0.585054 0.643424 0.006793 0.007125
15 0.598302 0.655232 0.005027 0.014047
15 0.585666 0.679051 0.004755 0.009161
15 0.590149 0.681698 0.005842 0.009161
15 0.614198 0.685566 0.006114 0.008754
15 0.647215 0.684446 0.009375 0.004479
15 0.643614 0.666531 0.008152 0.006922
15 0.639130 0.632227 0.002446 0.012419
15 0.672011 0.620623 0.007609 0.006718
15 0.678057 0.639556 0.009103 0.004275
15 0.671264 0.694320 0.008560 0.006311
15 0.696943 0.674674 0.006386 0.009365
15 0.695177 0.597211 0.008560 0.004275
15 0.667459 0.579397 0.008288 0.006515
16 0.510462 0.697679 0.005707 0.009365
15 0.506046 0.688314 0.003125 0.011401
15 0.498370 0.689027 0.004348 0.010383
15 0.500408 0.678033 0.007880 0.007940
15 0.513383 0.672842 0.005842 0.008550
15 0.516168 0.676099 0.002989 0.010586
15 0.524524 0.684141 0.004484 0.009976
15 0.541848 0.677423 0.006522 0.007940
15 0.524796 0.664088 0.008832 0.004886
15 0.536481 0.646783 0.003397 0.010993
15 0.540217 0.633754 0.006250 0.007329
15 0.514674 0.639454 0.009239 0.006107
15 0.516984 0.604235 0.006793 0.007329
15 0.467459 0.683632 0.006658 0.007736
15 0.474796 0.661849 0.007201 0.008550
15 0.398777 0.655334 0.007337 0.008958
15 0.399457 0.668872 0.005163 0.010383
15 0.403465 0.682512 0.005299 0.007940
15 0.413451 0.678237 0.005163 0.010383
15 0.409715 0.652789 0.003397 0.010790
15 0.413451 0.642508 0.006522 0.005700
15 0.417391 0.640574 0.007337 0.007940
15 0.439130 0.641999 0.003261 0.012419
15 0.436957 0.670094 0.003533 0.013233
15 0.472894 0.644951 0.006658 0.009365
15 0.471399 0.615432 0.005842 0.008550
15 0.458899 0.623880 0.002853 0.012419
15 0.465285 0.604540 0.002853 0.011604
15 0.467663 0.596091 0.004076 0.009365
15 0.461345 0.596702 0.007201 0.007329
15 0.433764 0.610953 0.006929 0.007736
15 0.427242 0.600977 0.006386 0.008550
15 0.397351 0.570134 0.010190 0.005904
15 0.397147 0.551608 0.008424 0.005904
15 0.435937 0.541226 0.004755 0.011197
15 0.443886 0.537256 0.002446 0.012622
15 0.485326 0.547842 0.004348 0.012622
15 0.516780 0.560362 0.004212 0.011604
15 0.504076 0.535831 0.008152 0.006922
15 0.505435 0.529112 0.005978 0.009365
15 0.509375 0.526160 0.007880 0.004275
15 0.485598 0.505802 0.007609 0.007533
15 0.511617 0.496946 0.008016 0.006922
15 0.508016 0.461014 0.004891 0.013640
15 0.470380 0.505802 0.004076 0.013233
15 0.474321 0.490839 0.002717 0.015065
15 0.465761 0.485037 0.004891 0.011197
15 0.446060 0.496437 0.008696 0.006311
16 0.445652 0.491246 0.004076 0.008143
15 0.447962 0.478217 0.002989 0.012215
15 0.431318 0.483204 0.005027 0.010790
15 0.420448 0.466002 0.002853 0.011401
15 0.444226 0.435973 0.003940 0.012011
15 0.449932 0.432512 0.008288 0.004682
15 0.461753 0.452463 0.008288 0.004275
16 0.477514 0.480049 0.003668 0.010993
16 0.476970 0.411645 0.003125 0.013436
15 0.483152 0.431698 0.007065 0.009161
15 0.491168 0.415615 0.005978 0.009161
15 0.431861 0.402077 0.004484 0.013844
16 0.421739 0.357695 0.004620 0.013844
15 0.448370 0.342020 0.005163 0.012215
15 0.467935 0.334385 0.008152 0.006311
15 0.464198 0.370114 0.002853 0.014658
15 0.526087 0.373575 0.007609 0.006107
15 0.545109 0.360138 0.009239 0.006515
15 0.491644 0.323799 0.004484 0.013640
15 0.522418 0.290411 0.005163 0.010790
15 0.491848 0.254479 0.003533 0.013844
15 0.473777 0.259365 0.006793 0.009772
15 0.452582 0.242671 0.005978 0.013029
15 0.434171 0.229336 0.008288 0.009976
15 0.521332 0.188314 0.004891 0.011401
15 0.517120 0.185362 0.003533 0.011604
15 0.488247 0.188314 0.007201 0.004479
15 0.469090 0.195134 0.004212 0.012011
16 0.482473 0.224247 0.005435 0.011197
16 0.483832 0.184344 0.005707 0.008754
15 0.344022 0.232085 0.004891 0.015472
15 0.272894 0.284813 0.004755 0.012215
15 0.332405 0.328990 0.002853 0.013029
15 0.341984 0.330721 0.007065 0.006311
15 0.357201 0.341511 0.002717 0.012826
15 0.378261 0.316572 0.006250 0.009772
15 0.379144 0.321967 0.006929 0.007125
15 0.391576 0.328278 0.004076 0.011197
15 0.368207 0.342529 0.003804 0.010383
15 0.365014 0.342427 0.004212 0.011808
15 0.340353 0.358917 0.002174 0.011808
15 0.346807 0.370114 0.003397 0.013029
15 0.348370 0.380191 0.008696 0.004275
15 0.277649 0.377748 0.003668 0.010383
15 0.293614 0.380293 0.010870 0.005293
16 0.368750 0.397089 0.009783 0.004682
15 0.388247 0.402178 0.003668 0.011197
15 0.390829 0.422842 0.008560 0.013029
15 0.372486 0.416124 0.004755 0.009365
15 0.387160 0.468750 0.003125 0.012419
15 0.360666 0.446050 0.005842 0.010179
15 0.305231 0.455517 0.008016 0.007533
16 0.343546 0.525346 0.004212 0.013640
15 0.377514 0.611665 0.008016 0.005904
15 0.388451 0.634467 0.004891 0.012419
15 0.388247 0.652586 0.009103 0.005904
15 0.376495 0.668974 0.004348 0.013029
15 0.371399 0.688518 0.007473 0.005293
15 0.376087 0.690452 0.007609 0.004275
15 0.380503 0.687093 0.007473 0.003257
15 0.319905 0.655130 0.009103 0.006107
15 0.312636 0.694116 0.002989 0.012826
15 0.304823 0.677524 0.006658 0.006922
15 0.310326 0.648819 0.008152 0.006515
15 0.322622 0.618485 0.004484 0.009365
15 0.309918 0.576751 0.004620 0.011401
15 0.273573 0.621539 0.004212 0.012622
15 0.270041 0.618078 0.005571 0.012215
15 0.267867 0.489617 0.009647 0.005700
15 0.266033 0.328278 0.008696 0.010790
15 0.235870 0.399430 0.008424 0.005293
15 0.247894 0.509976 0.008560 0.005700
15 0.211141 0.528196 0.008424 0.005497
15 0.262704 0.585912 0.004755 0.012622
15 0.243410 0.595684 0.003125 0.010993
15 0.239810 0.596906 0.005435 0.010586
15 0.216372 0.629275 0.009103 0.005700
15 0.169226 0.583265 0.003668 0.013436
15 0.185598 0.639963 0.007065 0.007125
15 0.169905 0.644544 0.007745 0.007329
15 0.180163 0.662663 0.006522 0.011808
15 0.199796 0.666327 0.003940 0.013029
15 0.204008 0.663375 0.006114 0.009976
15 0.203872 0.684548 0.005842 0.010383
15 0.244837 0.637928 0.004620 0.011604
15 0.248913 0.674165 0.008967 0.003868
15 0.251698 0.677626 0.008560 0.005497
