1.000000000000000000e+00 7.879760000000000097e-01 5.213759999999999506e-01 5.298999999999999891e-03 1.547199999999999964e-02
0.000000000000000000e+00 7.871599999999999708e-01 4.972520000000000273e-01 7.472999999999999608e-03 9.976000000000000492e-03
1.000000000000000000e+00 7.685459999999999514e-01 4.981679999999999997e-01 5.027000000000000218e-03 1.302900000000000065e-02
1.000000000000000000e+00 7.441579999999999862e-01 4.972520000000000273e-01 5.707000000000000267e-03 1.323299999999999997e-02
0.000000000000000000e+00 7.263589999999999769e-01 5.050900000000000389e-01 8.966999999999999277e-03 7.328999999999999578e-03
1.000000000000000000e+00 7.240490000000000537e-01 5.133349999999999858e-01 7.336999999999999772e-03 9.568000000000000116e-03
0.000000000000000000e+00 7.655570000000000430e-01 5.838759999999999506e-01 8.559999999999999901e-03 6.514999999999999958e-03
1.000000000000000000e+00 7.445650000000000324e-01 5.527279999999999971e-01 4.891000000000000382e-03 1.506500000000000027e-02
0.000000000000000000e+00 7.689540000000000264e-01 5.992469999999999741e-01 8.288000000000000228e-03 7.939999999999999142e-03
1.000000000000000000e+00 7.344429999999999570e-01 6.061689999999999579e-01 8.559999999999999901e-03 1.282600000000000059e-02
1.000000000000000000e+00 7.226900000000000546e-01 5.908999999999999808e-01 4.891000000000000382e-03 1.608300000000000007e-02
1.000000000000000000e+00 7.149459999999999704e-01 5.609730000000000549e-01 6.522000000000000020e-03 1.038299999999999987e-02
1.000000000000000000e+00 6.995240000000000347e-01 5.392919999999999936e-01 8.288000000000000228e-03 6.514999999999999958e-03
1.000000000000000000e+00 6.981659999999999533e-01 5.033590000000000009e-01 6.929000000000000263e-03 7.939999999999999142e-03
0.000000000000000000e+00 6.922549999999999537e-01 5.505900000000000238e-01 5.977999999999999807e-03 1.323299999999999997e-02
0.000000000000000000e+00 7.111410000000000231e-01 5.663679999999999826e-01 8.966999999999999277e-03 1.099299999999999930e-02
0.000000000000000000e+00 7.151490000000000347e-01 5.930370000000000363e-01 7.472999999999999608e-03 1.058599999999999992e-02
0.000000000000000000e+00 7.069290000000000296e-01 6.188930000000000264e-01 6.250000000000000347e-03 1.099299999999999930e-02
0.000000000000000000e+00 7.020380000000000509e-01 5.106880000000000308e-01 4.891000000000000382e-03 1.241899999999999948e-02
0.000000000000000000e+00 7.061819999999999764e-01 5.039700000000000291e-01 5.027000000000000218e-03 9.161000000000000740e-03
0.000000000000000000e+00 7.031250000000000000e-01 4.982699999999999907e-01 9.783000000000000029e-03 7.939999999999999142e-03
0.000000000000000000e+00 6.957879999999999621e-01 4.967429999999999901e-01 3.261000000000000010e-03 1.180800000000000079e-02
0.000000000000000000e+00 6.921199999999999575e-01 5.068200000000000482e-01 4.891000000000000382e-03 1.038299999999999987e-02
0.000000000000000000e+00 7.367529999999999912e-01 6.467829999999999968e-01 4.484000000000000138e-03 1.384400000000000040e-02
1.000000000000000000e+00 7.585600000000000120e-01 6.323290000000000299e-01 5.163000000000000055e-03 1.343600000000000003e-02
1.000000000000000000e+00 6.995240000000000347e-01 6.450529999999999875e-01 9.646999999999999326e-03 7.125000000000000257e-03
0.000000000000000000e+00 7.030570000000000430e-01 6.535020000000000273e-01 9.646999999999999326e-03 6.922000000000000201e-03
0.000000000000000000e+00 7.084240000000000537e-01 6.928950000000000387e-01 9.239000000000000684e-03 4.275000000000000154e-03
0.000000000000000000e+00 7.081520000000000037e-01 6.962540000000000395e-01 9.511000000000000357e-03 5.700000000000000205e-03
0.000000000000000000e+00 6.777849999999999708e-01 6.628659999999999553e-01 9.102999999999999980e-03 1.099299999999999930e-02
0.000000000000000000e+00 6.542120000000000157e-01 6.311069999999999736e-01 6.250000000000000347e-03 8.958000000000000684e-03
0.000000000000000000e+00 6.567260000000000320e-01 6.293769999999999643e-01 7.745000000000000148e-03 1.078999999999999924e-02
0.000000000000000000e+00 6.703120000000000189e-01 6.216409999999999991e-01 7.745000000000000148e-03 9.976000000000000492e-03
1.000000000000000000e+00 6.521740000000000315e-01 6.814940000000000442e-01 7.065000000000000099e-03 1.282600000000000059e-02
0.000000000000000000e+00 5.994570000000000176e-01 6.615429999999999922e-01 9.511000000000000357e-03 8.753999999999999629e-03
0.000000000000000000e+00 6.139270000000000005e-01 6.461729999999999974e-01 5.027000000000000218e-03 1.262199999999999954e-02
0.000000000000000000e+00 6.241170000000000329e-01 6.145150000000000334e-01 6.113999999999999643e-03 1.241899999999999948e-02
0.000000000000000000e+00 6.285330000000000084e-01 6.062699999999999756e-01 8.696000000000000604e-03 1.140099999999999968e-02
1.000000000000000000e+00 6.419160000000000421e-01 6.102400000000000047e-01 8.016000000000000555e-03 9.568000000000000116e-03
0.000000000000000000e+00 6.561139999999999750e-01 5.931389999999999718e-01 5.163000000000000055e-03 1.363999999999999935e-02
0.000000000000000000e+00 6.760190000000000365e-01 6.301909999999999457e-01 5.298999999999999891e-03 1.363999999999999935e-02
1.000000000000000000e+00 6.794160000000000199e-01 6.012830000000000119e-01 8.559999999999999901e-03 8.347000000000000253e-03
1.000000000000000000e+00 6.421200000000000241e-01 5.830619999999999692e-01 7.336999999999999772e-03 9.771999999999999437e-03
0.000000000000000000e+00 5.908290000000000486e-01 6.166530000000000067e-01 8.016000000000000555e-03 9.771999999999999437e-03
0.000000000000000000e+00 5.788039999999999852e-01 5.848940000000000250e-01 9.511000000000000357e-03 5.292999999999999962e-03
0.000000000000000000e+00 7.146059999999999635e-01 4.803540000000000032e-01 3.667999999999999820e-03 1.486200000000000021e-02
0.000000000000000000e+00 7.402849999999999708e-01 4.730249999999999733e-01 4.484000000000000138e-03 1.363999999999999935e-02
0.000000000000000000e+00 7.009509999999999907e-01 4.831030000000000046e-01 7.336999999999999772e-03 8.550000000000000308e-03
1.000000000000000000e+00 6.705839999999999579e-01 4.730249999999999733e-01 9.374999999999999653e-03 8.753999999999999629e-03
1.000000000000000000e+00 6.753400000000000514e-01 4.494099999999999762e-01 7.200999999999999936e-03 8.347000000000000253e-03
1.000000000000000000e+00 6.774459999999999926e-01 4.447269999999999834e-01 4.891000000000000382e-03 1.038299999999999987e-02
1.000000000000000000e+00 6.800950000000000051e-01 4.417749999999999733e-01 4.211999999999999598e-03 1.425099999999999978e-02
0.000000000000000000e+00 6.755430000000000046e-01 4.921619999999999884e-01 9.239000000000000684e-03 6.310999999999999770e-03
1.000000000000000000e+00 6.440219999999999834e-01 4.779109999999999747e-01 6.250000000000000347e-03 1.323299999999999997e-02
0.000000000000000000e+00 6.442259999999999653e-01 5.072269999999999834e-01 5.027000000000000218e-03 1.160399999999999973e-02
0.000000000000000000e+00 6.401489999999999680e-01 5.024429999999999730e-01 5.027000000000000218e-03 1.506500000000000027e-02
0.000000000000000000e+00 6.663719999999999644e-01 5.455010000000000137e-01 8.016000000000000555e-03 6.718000000000000013e-03
0.000000000000000000e+00 6.527849999999999486e-01 5.674879999999999924e-01 9.646999999999999326e-03 1.038299999999999987e-02
0.000000000000000000e+00 6.338319999999999510e-01 5.135380000000000500e-01 7.879999999999999852e-03 9.568000000000000116e-03
0.000000000000000000e+00 6.239810000000000079e-01 5.257530000000000259e-01 9.102999999999999980e-03 9.161000000000000740e-03
0.000000000000000000e+00 6.260869999999999491e-01 5.551709999999999701e-01 7.609000000000000312e-03 6.922000000000000201e-03
0.000000000000000000e+00 6.222149999999999626e-01 5.609730000000000549e-01 5.298999999999999891e-03 1.282600000000000059e-02
1.000000000000000000e+00 6.179350000000000120e-01 5.576140000000000541e-01 3.804000000000000090e-03 1.425099999999999978e-02
1.000000000000000000e+00 5.940220000000000500e-01 5.275859999999999994e-01 7.336999999999999772e-03 1.363999999999999935e-02
1.000000000000000000e+00 5.949729999999999741e-01 4.987789999999999724e-01 6.793000000000000427e-03 1.180800000000000079e-02
1.000000000000000000e+00 5.787360000000000282e-01 5.407170000000000032e-01 7.745000000000000148e-03 8.142999999999999197e-03
0.000000000000000000e+00 5.797550000000000203e-01 5.472310000000000230e-01 8.966999999999999277e-03 4.885999999999999718e-03
0.000000000000000000e+00 6.342389999999999972e-01 4.088970000000000105e-01 4.348000000000000302e-03 1.445399999999999983e-02
0.000000000000000000e+00 6.377720000000000056e-01 3.941370000000000151e-01 8.423999999999999197e-03 5.700000000000000205e-03
0.000000000000000000e+00 6.272419999999999662e-01 3.944420000000000148e-01 5.841999999999999971e-03 1.363999999999999935e-02
1.000000000000000000e+00 6.097150000000000070e-01 4.179559999999999942e-01 7.200999999999999936e-03 1.017900000000000055e-02
1.000000000000000000e+00 6.048229999999999995e-01 4.195849999999999858e-01 5.571000000000000431e-03 1.465799999999999916e-02
1.000000000000000000e+00 5.383149999999999880e-01 3.211519999999999930e-01 7.879999999999999852e-03 1.241899999999999948e-02
0.000000000000000000e+00 5.254079999999999862e-01 3.567790000000000128e-01 6.522000000000000020e-03 1.363999999999999935e-02
0.000000000000000000e+00 5.310460000000000180e-01 3.684850000000000070e-01 7.472999999999999608e-03 1.140099999999999968e-02
0.000000000000000000e+00 5.578130000000000033e-01 4.126630000000000020e-01 6.113999999999999643e-03 1.343600000000000003e-02
0.000000000000000000e+00 5.636550000000000171e-01 4.314939999999999887e-01 4.754999999999999678e-03 1.404700000000000046e-02
1.000000000000000000e+00 5.737769999999999815e-01 4.580620000000000247e-01 4.075999999999999762e-03 1.302900000000000065e-02
0.000000000000000000e+00 5.784650000000000070e-01 4.681390000000000273e-01 5.571000000000000431e-03 1.323299999999999997e-02
0.000000000000000000e+00 5.829480000000000217e-01 4.680369999999999808e-01 5.298999999999999891e-03 1.099299999999999930e-02
0.000000000000000000e+00 5.865489999999999871e-01 4.732290000000000108e-01 6.793000000000000427e-03 1.038299999999999987e-02
0.000000000000000000e+00 5.866850000000000120e-01 4.852400000000000047e-01 3.804000000000000090e-03 1.567599999999999896e-02
0.000000000000000000e+00 5.438180000000000236e-01 4.577570000000000250e-01 7.745000000000000148e-03 6.718000000000000013e-03
1.000000000000000000e+00 5.421880000000000033e-01 4.613189999999999791e-01 7.745000000000000148e-03 5.700000000000000205e-03
0.000000000000000000e+00 5.366849999999999676e-01 4.654929999999999901e-01 9.783000000000000029e-03 8.753999999999999629e-03
0.000000000000000000e+00 5.194290000000000296e-01 4.554150000000000142e-01 8.696000000000000604e-03 5.292999999999999962e-03
1.000000000000000000e+00 5.152849999999999930e-01 4.476789999999999936e-01 7.200999999999999936e-03 8.142999999999999197e-03
1.000000000000000000e+00 5.091710000000000402e-01 4.509360000000000035e-01 7.200999999999999936e-03 3.256999999999999913e-03
1.000000000000000000e+00 5.086279999999999690e-01 4.499190000000000134e-01 7.200999999999999936e-03 6.514999999999999958e-03
1.000000000000000000e+00 5.090350000000000152e-01 4.530739999999999768e-01 7.745000000000000148e-03 5.904000000000000394e-03
0.000000000000000000e+00 5.237089999999999801e-01 4.301710000000000256e-01 8.831999999999999573e-03 6.922000000000000201e-03
0.000000000000000000e+00 5.372959999999999958e-01 4.202969999999999762e-01 8.016000000000000555e-03 9.568000000000000116e-03
0.000000000000000000e+00 5.200409999999999755e-01 4.028909999999999991e-01 1.018999999999999941e-02 6.106999999999999582e-03
0.000000000000000000e+00 5.278530000000000166e-01 4.044179999999999997e-01 5.434999999999999727e-03 1.201100000000000084e-02
1.000000000000000000e+00 5.487769999999999593e-01 4.190760000000000041e-01 7.609000000000000312e-03 5.497000000000000150e-03
0.000000000000000000e+00 5.460599999999999898e-01 4.793359999999999843e-01 8.696000000000000604e-03 6.718000000000000013e-03
1.000000000000000000e+00 5.596470000000000056e-01 4.953179999999999805e-01 9.239000000000000684e-03 6.922000000000000201e-03
1.000000000000000000e+00 5.747280000000000166e-01 5.048859999999999459e-01 6.522000000000000020e-03 9.771999999999999437e-03
0.000000000000000000e+00 5.677309999999999857e-01 5.320639999999999814e-01 6.657999999999999856e-03 1.160399999999999973e-02
0.000000000000000000e+00 5.472150000000000070e-01 5.372559999999999558e-01 7.745000000000000148e-03 1.343600000000000003e-02
1.000000000000000000e+00 5.477579999999999671e-01 4.983710000000000084e-01 9.374999999999999653e-03 5.700000000000000205e-03
0.000000000000000000e+00 5.357340000000000435e-01 5.172029999999999683e-01 4.619999999999999975e-03 1.282600000000000059e-02
0.000000000000000000e+00 5.258150000000000324e-01 5.064130000000000020e-01 9.239000000000000684e-03 9.568000000000000116e-03
1.000000000000000000e+00 5.178669999999999662e-01 5.133349999999999858e-01 6.657999999999999856e-03 1.160399999999999973e-02
1.000000000000000000e+00 5.105979999999999963e-01 5.188310000000000421e-01 7.609000000000000312e-03 7.532999999999999766e-03
1.000000000000000000e+00 5.055030000000000356e-01 5.243280000000000163e-01 4.754999999999999678e-03 1.486200000000000021e-02
0.000000000000000000e+00 5.153529999999999500e-01 4.970479999999999898e-01 3.261000000000000010e-03 1.323299999999999997e-02
0.000000000000000000e+00 5.113450000000000495e-01 4.940959999999999797e-01 7.472999999999999608e-03 1.221500000000000016e-02
0.000000000000000000e+00 5.207199999999999607e-01 5.472310000000000230e-01 6.386000000000000183e-03 1.425099999999999978e-02
1.000000000000000000e+00 5.525139999999999496e-01 5.628049999999999997e-01 5.571000000000000431e-03 1.404700000000000046e-02
0.000000000000000000e+00 5.400139999999999940e-01 5.822479999999999878e-01 4.484000000000000138e-03 1.180800000000000079e-02
0.000000000000000000e+00 5.275819999999999954e-01 5.749189999999999579e-01 5.434999999999999727e-03 1.343600000000000003e-02
0.000000000000000000e+00 4.690900000000000070e-01 6.404720000000000413e-01 9.917999999999999733e-03 7.735999999999999821e-03
0.000000000000000000e+00 4.603260000000000129e-01 6.340590000000000392e-01 8.151999999999999524e-03 1.119700000000000036e-02
0.000000000000000000e+00 4.673229999999999884e-01 6.128869999999999596e-01 3.667999999999999820e-03 1.689699999999999883e-02
1.000000000000000000e+00 4.463989999999999903e-01 6.322269999999999834e-01 8.559999999999999901e-03 7.532999999999999766e-03
1.000000000000000000e+00 4.234379999999999811e-01 5.988400000000000389e-01 4.484000000000000138e-03 9.568000000000000116e-03
0.000000000000000000e+00 4.196329999999999782e-01 5.928339999999999721e-01 8.559999999999999901e-03 6.514999999999999958e-03
0.000000000000000000e+00 3.959920000000000107e-01 6.313109999999999555e-01 6.386000000000000183e-03 1.180800000000000079e-02
0.000000000000000000e+00 5.021740000000000093e-01 5.620929999999999538e-01 8.966999999999999277e-03 9.365000000000000061e-03
0.000000000000000000e+00 4.924589999999999801e-01 5.505900000000000238e-01 6.386000000000000183e-03 1.526899999999999959e-02
0.000000000000000000e+00 4.805710000000000259e-01 5.661640000000000006e-01 5.707000000000000267e-03 1.587900000000000075e-02
1.000000000000000000e+00 4.432070000000000176e-01 5.330819999999999448e-01 7.609000000000000312e-03 8.753999999999999629e-03
1.000000000000000000e+00 4.442260000000000097e-01 4.982699999999999907e-01 3.125000000000000173e-03 1.567599999999999896e-02
1.000000000000000000e+00 4.243890000000000162e-01 5.107899999999999663e-01 6.113999999999999643e-03 1.140099999999999968e-02
0.000000000000000000e+00 4.165760000000000018e-01 5.142510000000000137e-01 8.966999999999999277e-03 8.142999999999999197e-03
1.000000000000000000e+00 4.103260000000000240e-01 5.167960000000000331e-01 3.533000000000000116e-03 1.282600000000000059e-02
0.000000000000000000e+00 4.957199999999999940e-01 4.696659999999999724e-01 5.841999999999999971e-03 1.140099999999999968e-02
0.000000000000000000e+00 4.913719999999999755e-01 4.733310000000000017e-01 9.646999999999999326e-03 6.922000000000000201e-03
0.000000000000000000e+00 4.925950000000000051e-01 4.303750000000000075e-01 6.386000000000000183e-03 1.262199999999999954e-02
0.000000000000000000e+00 4.954479999999999995e-01 3.969869999999999788e-01 6.929000000000000263e-03 8.958000000000000684e-03
0.000000000000000000e+00 4.864129999999999843e-01 3.871129999999999849e-01 5.163000000000000055e-03 1.078999999999999924e-02
0.000000000000000000e+00 4.835599999999999898e-01 4.111360000000000015e-01 7.879999999999999852e-03 1.038299999999999987e-02
0.000000000000000000e+00 4.879760000000000209e-01 4.206030000000000046e-01 1.046200000000000081e-02 7.735999999999999821e-03
0.000000000000000000e+00 4.769700000000000051e-01 4.161239999999999939e-01 8.559999999999999901e-03 1.017900000000000055e-02
0.000000000000000000e+00 4.728260000000000240e-01 4.214169999999999860e-01 6.250000000000000347e-03 1.262199999999999954e-02
0.000000000000000000e+00 4.640619999999999745e-01 4.003459999999999797e-01 8.016000000000000555e-03 8.347000000000000253e-03
0.000000000000000000e+00 4.735050000000000092e-01 3.810060000000000113e-01 5.163000000000000055e-03 1.567599999999999896e-02
1.000000000000000000e+00 4.831520000000000259e-01 3.767300000000000093e-01 9.511000000000000357e-03 9.976000000000000492e-03
1.000000000000000000e+00 4.871599999999999819e-01 3.399840000000000084e-01 6.386000000000000183e-03 1.302900000000000065e-02
1.000000000000000000e+00 3.174589999999999912e-01 7.002239999999999576e-01 9.646999999999999326e-03 7.939999999999999142e-03
1.000000000000000000e+00 3.662360000000000060e-01 6.097310000000000230e-01 1.046200000000000081e-02 1.099299999999999930e-02
0.000000000000000000e+00 3.739129999999999954e-01 5.462129999999999486e-01 8.966999999999999277e-03 8.142999999999999197e-03
0.000000000000000000e+00 2.988450000000000273e-01 5.780739999999999768e-01 9.374999999999999653e-03 7.939999999999999142e-03
0.000000000000000000e+00 3.246600000000000041e-01 5.563930000000000264e-01 8.288000000000000228e-03 6.922000000000000201e-03
0.000000000000000000e+00 3.254759999999999875e-01 5.524229999999999974e-01 8.288000000000000228e-03 9.161000000000000740e-03
1.000000000000000000e+00 3.271060000000000079e-01 5.460099999999999953e-01 3.939999999999999926e-03 1.343600000000000003e-02
0.000000000000000000e+00 3.025820000000000176e-01 5.283999999999999808e-01 7.065000000000000099e-03 1.241899999999999948e-02
0.000000000000000000e+00 3.200410000000000199e-01 4.977610000000000090e-01 8.016000000000000555e-03 6.106999999999999582e-03
0.000000000000000000e+00 3.610729999999999773e-01 5.017300000000000093e-01 3.667999999999999820e-03 1.323299999999999997e-02
1.000000000000000000e+00 2.757470000000000199e-01 4.957250000000000267e-01 8.016000000000000555e-03 6.922000000000000201e-03
0.000000000000000000e+00 2.777169999999999916e-01 4.881920000000000148e-01 4.891000000000000382e-03 1.180800000000000079e-02
0.000000000000000000e+00 2.468750000000000111e-01 4.982699999999999907e-01 4.348000000000000302e-03 1.649000000000000118e-02
1.000000000000000000e+00 3.181390000000000051e-01 4.864620000000000055e-01 3.939999999999999926e-03 1.241899999999999948e-02
1.000000000000000000e+00 3.264270000000000227e-01 4.650859999999999994e-01 8.288000000000000228e-03 7.125000000000000257e-03
1.000000000000000000e+00 3.184779999999999833e-01 4.726179999999999826e-01 9.511000000000000357e-03 8.753999999999999629e-03
0.000000000000000000e+00 3.513589999999999769e-01 4.581640000000000157e-01 1.086999999999999945e-02 1.201100000000000084e-02
0.000000000000000000e+00 3.361410000000000231e-01 4.858509999999999773e-01 8.966999999999999277e-03 5.497000000000000150e-03
0.000000000000000000e+00 3.623640000000000194e-01 4.796420000000000128e-01 4.891000000000000382e-03 8.958000000000000684e-03
0.000000000000000000e+00 3.612770000000000148e-01 4.771989999999999843e-01 7.879999999999999852e-03 8.550000000000000308e-03
1.000000000000000000e+00 3.733699999999999797e-01 4.686480000000000090e-01 2.988999999999999903e-03 1.302900000000000065e-02
1.000000000000000000e+00 3.665080000000000005e-01 4.622350000000000070e-01 8.016000000000000555e-03 1.201100000000000084e-02
1.000000000000000000e+00 3.730299999999999727e-01 4.533789999999999765e-01 7.745000000000000148e-03 1.343600000000000003e-02
1.000000000000000000e+00 3.758830000000000227e-01 4.234530000000000238e-01 5.027000000000000218e-03 1.384400000000000040e-02
1.000000000000000000e+00 3.150819999999999732e-01 4.144950000000000023e-01 8.151999999999999524e-03 1.058599999999999992e-02
1.000000000000000000e+00 4.223509999999999764e-01 4.585710000000000064e-01 7.745000000000000148e-03 5.497000000000000150e-03
0.000000000000000000e+00 4.281249999999999778e-01 4.236559999999999770e-01 3.804000000000000090e-03 1.180800000000000079e-02
1.000000000000000000e+00 4.249319999999999764e-01 4.284410000000000163e-01 6.386000000000000183e-03 6.718000000000000013e-03
0.000000000000000000e+00 4.206520000000000259e-01 4.242670000000000052e-01 8.966999999999999277e-03 5.292999999999999962e-03
0.000000000000000000e+00 4.120240000000000014e-01 4.548050000000000148e-01 4.484000000000000138e-03 1.506500000000000027e-02
0.000000000000000000e+00 3.841709999999999847e-01 4.601999999999999980e-01 3.396999999999999846e-03 1.608300000000000007e-02
0.000000000000000000e+00 3.945649999999999991e-01 4.971499999999999808e-01 1.005400000000000044e-02 8.142999999999999197e-03
1.000000000000000000e+00 3.922550000000000203e-01 5.064130000000000020e-01 8.696000000000000604e-03 7.532999999999999766e-03
0.000000000000000000e+00 3.891979999999999884e-01 3.922030000000000238e-01 3.125000000000000173e-03 1.567599999999999896e-02
0.000000000000000000e+00 3.460599999999999787e-01 3.862990000000000035e-01 8.966999999999999277e-03 9.161000000000000740e-03
0.000000000000000000e+00 2.929350000000000009e-01 3.428340000000000276e-01 7.879999999999999852e-03 1.465799999999999916e-02
0.000000000000000000e+00 2.148780000000000134e-01 5.977200000000000291e-01 1.100499999999999916e-02 8.142999999999999197e-03
