0.000000000000000000e+00 7.503400000000000070e-01 6.984930000000000305e-01 7.472999999999999608e-03 1.180800000000000079e-02
0.000000000000000000e+00 7.467390000000000416e-01 6.837339999999999529e-01 8.696000000000000604e-03 8.753999999999999629e-03
0.000000000000000000e+00 7.948370000000000157e-01 6.527889999999999526e-01 7.336999999999999772e-03 9.976000000000000492e-03
0.000000000000000000e+00 8.172549999999999537e-01 6.100370000000000514e-01 8.696000000000000604e-03 1.160399999999999973e-02
0.000000000000000000e+00 8.151490000000000125e-01 6.592019999999999547e-01 8.288000000000000228e-03 6.514999999999999958e-03
1.000000000000000000e+00 8.158290000000000264e-01 6.695849999999999858e-01 7.200999999999999936e-03 9.365000000000000061e-03
0.000000000000000000e+00 7.621599999999999486e-01 6.203180000000000360e-01 6.113999999999999643e-03 1.180800000000000079e-02
0.000000000000000000e+00 7.604619999999999713e-01 5.914089999999999625e-01 3.804000000000000090e-03 1.425099999999999978e-02
0.000000000000000000e+00 7.551630000000000287e-01 5.886599999999999611e-01 5.707000000000000267e-03 1.282600000000000059e-02
0.000000000000000000e+00 7.514950000000000241e-01 5.709490000000000398e-01 5.434999999999999727e-03 1.608300000000000007e-02
0.000000000000000000e+00 7.582879999999999621e-01 5.666729999999999823e-01 5.434999999999999727e-03 1.282600000000000059e-02
0.000000000000000000e+00 7.681390000000000162e-01 5.496739999999999959e-01 9.102999999999999980e-03 9.771999999999999437e-03
0.000000000000000000e+00 7.894020000000000481e-01 5.390880000000000116e-01 4.891000000000000382e-03 1.465799999999999916e-02
0.000000000000000000e+00 7.197689999999999921e-01 5.253459999999999797e-01 1.018999999999999941e-02 7.532999999999999766e-03
0.000000000000000000e+00 7.118889999999999940e-01 5.771579999999999488e-01 4.754999999999999678e-03 1.547199999999999964e-02
0.000000000000000000e+00 6.894700000000000273e-01 4.765880000000000116e-01 8.559999999999999901e-03 6.922000000000000201e-03
1.000000000000000000e+00 7.265620000000000411e-01 4.216210000000000235e-01 3.667999999999999820e-03 1.587900000000000075e-02
0.000000000000000000e+00 7.475540000000000518e-01 4.595890000000000253e-01 7.065000000000000099e-03 1.526899999999999959e-02
0.000000000000000000e+00 7.759509999999999463e-01 4.381109999999999727e-01 7.609000000000000312e-03 1.140099999999999968e-02
0.000000000000000000e+00 8.044160000000000199e-01 4.680369999999999808e-01 8.016000000000000555e-03 8.142999999999999197e-03
0.000000000000000000e+00 7.691580000000000084e-01 3.758139999999999814e-01 7.609000000000000312e-03 9.365000000000000061e-03
0.000000000000000000e+00 7.388590000000000435e-01 3.450730000000000186e-01 8.151999999999999524e-03 7.735999999999999821e-03
0.000000000000000000e+00 7.161009999999999875e-01 3.343849999999999878e-01 6.929000000000000263e-03 9.976000000000000492e-03
0.000000000000000000e+00 7.089670000000000138e-01 3.393729999999999802e-01 5.707000000000000267e-03 1.140099999999999968e-02
0.000000000000000000e+00 5.474179999999999602e-01 1.959490000000000121e-01 6.250000000000000347e-03 1.323299999999999997e-02
0.000000000000000000e+00 5.568610000000000504e-01 2.481679999999999997e-01 6.929000000000000263e-03 8.958000000000000684e-03
0.000000000000000000e+00 5.586280000000000134e-01 2.549879999999999924e-01 3.667999999999999820e-03 1.241899999999999948e-02
0.000000000000000000e+00 5.665080000000000116e-01 1.986970000000000125e-01 4.754999999999999678e-03 1.628699999999999939e-02
0.000000000000000000e+00 5.851899999999999880e-01 2.598739999999999939e-01 8.696000000000000604e-03 1.078999999999999924e-02
0.000000000000000000e+00 6.170520000000000449e-01 2.610950000000000215e-01 7.200999999999999936e-03 1.241899999999999948e-02
0.000000000000000000e+00 6.833559999999999635e-01 2.662869999999999959e-01 4.484000000000000138e-03 1.506500000000000027e-02
0.000000000000000000e+00 6.810460000000000402e-01 2.998779999999999779e-01 4.211999999999999598e-03 1.587900000000000075e-02
0.000000000000000000e+00 6.705839999999999579e-01 2.962130000000000041e-01 1.018999999999999941e-02 6.514999999999999958e-03
0.000000000000000000e+00 6.475539999999999630e-01 3.381509999999999794e-01 5.163000000000000055e-03 1.628699999999999939e-02
0.000000000000000000e+00 5.887909999999999533e-01 3.208469999999999933e-01 8.559999999999999901e-03 1.506500000000000027e-02
0.000000000000000000e+00 5.644019999999999593e-01 3.114819999999999811e-01 5.977999999999999807e-03 1.343600000000000003e-02
0.000000000000000000e+00 5.293480000000000407e-01 2.812500000000000000e-01 7.336999999999999772e-03 1.282600000000000059e-02
0.000000000000000000e+00 5.603259999999999907e-01 3.518930000000000113e-01 8.151999999999999524e-03 1.078999999999999924e-02
0.000000000000000000e+00 5.934779999999999500e-01 3.986160000000000259e-01 5.977999999999999807e-03 1.099299999999999930e-02
0.000000000000000000e+00 5.983020000000000005e-01 4.085909999999999820e-01 5.571000000000000431e-03 1.302900000000000065e-02
0.000000000000000000e+00 5.480300000000000171e-01 4.211119999999999863e-01 7.472999999999999608e-03 7.532999999999999766e-03
0.000000000000000000e+00 5.361409999999999787e-01 4.372960000000000180e-01 4.075999999999999762e-03 1.425099999999999978e-02
0.000000000000000000e+00 5.229620000000000379e-01 4.113399999999999834e-01 9.783000000000000029e-03 9.161000000000000740e-03
0.000000000000000000e+00 6.068609999999999838e-01 4.417749999999999733e-01 7.472999999999999608e-03 1.262199999999999954e-02
0.000000000000000000e+00 6.601219999999999866e-01 3.853829999999999756e-01 5.298999999999999891e-03 1.302900000000000065e-02
0.000000000000000000e+00 6.635189999999999699e-01 3.787659999999999916e-01 6.386000000000000183e-03 1.241899999999999948e-02
0.000000000000000000e+00 6.601900000000000546e-01 3.712340000000000084e-01 8.151999999999999524e-03 1.038299999999999987e-02
0.000000000000000000e+00 6.827450000000000463e-01 4.492059999999999942e-01 7.879999999999999852e-03 1.038299999999999987e-02
0.000000000000000000e+00 6.756790000000000296e-01 5.134360000000000035e-01 8.966999999999999277e-03 1.140099999999999968e-02
0.000000000000000000e+00 6.477579999999999449e-01 5.029519999999999547e-01 4.754999999999999678e-03 1.608300000000000007e-02
0.000000000000000000e+00 6.332879999999999621e-01 4.844260000000000232e-01 8.966999999999999277e-03 7.532999999999999766e-03
0.000000000000000000e+00 6.174589999999999801e-01 5.121130000000000404e-01 4.754999999999999678e-03 1.608300000000000007e-02
0.000000000000000000e+00 6.103939999999999921e-01 4.882940000000000058e-01 5.571000000000000431e-03 1.526899999999999959e-02
0.000000000000000000e+00 5.961959999999999482e-01 4.897190000000000154e-01 5.434999999999999727e-03 1.119700000000000036e-02
0.000000000000000000e+00 5.928670000000000329e-01 4.856469999999999954e-01 8.831999999999999573e-03 9.976000000000000492e-03
0.000000000000000000e+00 5.681389999999999496e-01 4.844260000000000232e-01 9.646999999999999326e-03 7.939999999999999142e-03
0.000000000000000000e+00 5.393339999999999801e-01 5.160829999999999584e-01 9.917999999999999733e-03 7.735999999999999821e-03
0.000000000000000000e+00 5.764949999999999797e-01 5.817390000000000061e-01 7.609000000000000312e-03 1.201100000000000084e-02
1.000000000000000000e+00 5.759509999999999907e-01 5.999590000000000201e-01 9.511000000000000357e-03 8.958000000000000684e-03
1.000000000000000000e+00 6.657610000000000472e-01 5.429559999999999942e-01 4.348000000000000302e-03 1.465799999999999916e-02
0.000000000000000000e+00 6.508150000000000324e-01 5.831640000000000157e-01 4.619999999999999975e-03 1.608300000000000007e-02
0.000000000000000000e+00 6.192929999999999824e-01 5.899839999999999529e-01 3.804000000000000090e-03 1.465799999999999916e-02
0.000000000000000000e+00 6.097150000000000070e-01 5.745109999999999939e-01 4.211999999999999598e-03 1.465799999999999916e-02
0.000000000000000000e+00 5.414400000000000324e-01 5.521169999999999689e-01 6.793000000000000427e-03 1.180800000000000079e-02
0.000000000000000000e+00 5.361409999999999787e-01 6.104439999999999866e-01 5.977999999999999807e-03 1.241899999999999948e-02
0.000000000000000000e+00 5.987090000000000467e-01 6.351790000000000491e-01 5.298999999999999891e-03 1.343600000000000003e-02
0.000000000000000000e+00 5.566579999999999862e-01 6.492259999999999698e-01 4.075999999999999762e-03 1.587900000000000075e-02
0.000000000000000000e+00 5.516980000000000217e-01 6.475980000000000070e-01 2.853000000000000067e-03 1.302900000000000065e-02
0.000000000000000000e+00 5.464670000000000361e-01 6.479030000000000067e-01 5.434999999999999727e-03 1.160399999999999973e-02
0.000000000000000000e+00 5.507469999999999866e-01 6.403710000000000235e-01 3.939999999999999926e-03 1.160399999999999973e-02
0.000000000000000000e+00 5.223510000000000097e-01 6.784409999999999608e-01 6.657999999999999856e-03 1.486200000000000021e-02
0.000000000000000000e+00 5.525820000000000176e-01 6.811890000000000445e-01 6.522000000000000020e-03 1.669400000000000051e-02
0.000000000000000000e+00 5.593069999999999986e-01 7.052119999999999500e-01 8.288000000000000228e-03 1.017900000000000055e-02
0.000000000000000000e+00 5.807069999999999732e-01 7.040920000000000512e-01 1.114099999999999986e-02 9.976000000000000492e-03
0.000000000000000000e+00 5.990490000000000537e-01 6.820030000000000259e-01 3.804000000000000090e-03 1.547199999999999964e-02
0.000000000000000000e+00 6.182069999999999510e-01 6.636809999999999654e-01 5.163000000000000055e-03 1.750799999999999926e-02
0.000000000000000000e+00 6.199729999999999963e-01 6.853620000000000267e-01 6.522000000000000020e-03 1.323299999999999997e-02
0.000000000000000000e+00 6.114810000000000523e-01 6.956430000000000113e-01 8.288000000000000228e-03 1.099299999999999930e-02
0.000000000000000000e+00 6.060459999999999736e-01 6.882129999999999637e-01 5.571000000000000431e-03 9.568000000000000116e-03
0.000000000000000000e+00 6.097829999999999639e-01 6.887210000000000276e-01 6.793000000000000427e-03 9.365000000000000061e-03
0.000000000000000000e+00 6.540759999999999907e-01 6.976790000000000491e-01 1.059799999999999978e-02 6.514999999999999958e-03
0.000000000000000000e+00 6.658290000000000042e-01 6.758960000000000523e-01 4.484000000000000138e-03 1.343600000000000003e-02
0.000000000000000000e+00 6.819290000000000074e-01 6.625609999999999555e-01 8.423999999999999197e-03 1.323299999999999997e-02
0.000000000000000000e+00 6.598509999999999653e-01 6.201140000000000541e-01 4.211999999999999598e-03 1.710100000000000162e-02
0.000000000000000000e+00 5.118209999999999704e-01 6.975770000000000026e-01 5.977999999999999807e-03 1.323299999999999997e-02
0.000000000000000000e+00 5.026490000000000125e-01 7.064329999999999776e-01 8.831999999999999573e-03 1.221500000000000016e-02
0.000000000000000000e+00 4.875680000000000014e-01 6.919790000000000108e-01 6.929000000000000263e-03 1.506500000000000027e-02
0.000000000000000000e+00 4.326090000000000213e-01 7.094869999999999788e-01 8.151999999999999524e-03 9.365000000000000061e-03
0.000000000000000000e+00 4.415760000000000240e-01 6.820030000000000259e-01 4.619999999999999975e-03 1.425099999999999978e-02
0.000000000000000000e+00 4.332880000000000065e-01 6.545199999999999907e-01 5.163000000000000055e-03 1.710100000000000162e-02
0.000000000000000000e+00 4.066580000000000195e-01 6.582860000000000378e-01 9.239000000000000684e-03 1.201100000000000084e-02
1.000000000000000000e+00 3.722829999999999750e-01 6.238799999999999901e-01 6.250000000000000347e-03 9.976000000000000492e-03
0.000000000000000000e+00 3.396739999999999760e-01 6.525859999999999994e-01 1.005400000000000044e-02 7.125000000000000257e-03
0.000000000000000000e+00 3.332879999999999732e-01 5.132330000000000503e-01 9.783000000000000029e-03 1.058599999999999992e-02
0.000000000000000000e+00 3.521739999999999871e-01 5.177119999999999500e-01 8.966999999999999277e-03 1.058599999999999992e-02
0.000000000000000000e+00 3.596469999999999945e-01 5.010179999999999634e-01 6.250000000000000347e-03 1.017900000000000055e-02
0.000000000000000000e+00 3.695649999999999769e-01 4.960300000000000264e-01 1.059799999999999978e-02 7.939999999999999142e-03
0.000000000000000000e+00 3.969429999999999903e-01 4.932819999999999983e-01 3.125000000000000173e-03 1.465799999999999916e-02
0.000000000000000000e+00 4.064539999999999820e-01 5.062090000000000201e-01 7.200999999999999936e-03 1.241899999999999948e-02
0.000000000000000000e+00 4.213319999999999843e-01 5.257530000000000259e-01 8.151999999999999524e-03 1.038299999999999987e-02
0.000000000000000000e+00 4.269700000000000162e-01 5.269749999999999712e-01 5.298999999999999891e-03 1.160399999999999973e-02
0.000000000000000000e+00 4.134510000000000129e-01 5.490639999999999965e-01 5.434999999999999727e-03 1.425099999999999978e-02
0.000000000000000000e+00 3.965350000000000263e-01 5.422430000000000305e-01 4.754999999999999678e-03 1.241899999999999948e-02
0.000000000000000000e+00 3.991169999999999995e-01 5.299270000000000369e-01 9.374999999999999653e-03 6.922000000000000201e-03
1.000000000000000000e+00 3.855299999999999838e-01 5.342019999999999547e-01 9.374999999999999653e-03 1.506500000000000027e-02
0.000000000000000000e+00 3.648779999999999801e-01 5.570030000000000259e-01 1.372300000000000082e-02 5.700000000000000205e-03
0.000000000000000000e+00 3.709919999999999884e-01 5.724759999999999849e-01 9.102999999999999980e-03 6.922000000000000201e-03
0.000000000000000000e+00 3.629760000000000209e-01 5.611770000000000369e-01 8.831999999999999573e-03 8.347000000000000253e-03
0.000000000000000000e+00 3.819290000000000185e-01 5.807210000000000427e-01 1.086999999999999945e-02 7.532999999999999766e-03
0.000000000000000000e+00 3.871600000000000041e-01 5.760380000000000500e-01 4.754999999999999678e-03 1.282600000000000059e-02
0.000000000000000000e+00 4.509509999999999907e-01 5.336929999999999730e-01 9.783000000000000029e-03 5.904000000000000394e-03
0.000000000000000000e+00 4.716029999999999944e-01 5.522190000000000154e-01 6.250000000000000347e-03 1.363999999999999935e-02
0.000000000000000000e+00 4.916440000000000254e-01 5.721699999999999564e-01 6.657999999999999856e-03 1.649000000000000118e-02
0.000000000000000000e+00 5.084239999999999871e-01 5.547640000000000349e-01 7.879999999999999852e-03 1.302900000000000065e-02
0.000000000000000000e+00 5.013589999999999991e-01 4.815760000000000041e-01 7.065000000000000099e-03 1.282600000000000059e-02
0.000000000000000000e+00 4.671199999999999797e-01 4.773000000000000020e-01 9.239000000000000684e-03 1.078999999999999924e-02
1.000000000000000000e+00 4.332199999999999940e-01 4.820849999999999858e-01 8.831999999999999573e-03 9.771999999999999437e-03
0.000000000000000000e+00 4.228259999999999796e-01 4.870720000000000049e-01 9.511000000000000357e-03 5.497000000000000150e-03
0.000000000000000000e+00 4.019699999999999940e-01 4.774019999999999930e-01 7.745000000000000148e-03 8.958000000000000684e-03
0.000000000000000000e+00 4.237090000000000023e-01 4.652890000000000081e-01 5.571000000000000431e-03 1.363999999999999935e-02
0.000000000000000000e+00 4.256110000000000171e-01 4.609119999999999884e-01 3.667999999999999820e-03 1.302900000000000065e-02
0.000000000000000000e+00 4.375680000000000125e-01 4.549059999999999770e-01 3.939999999999999926e-03 1.608300000000000007e-02
0.000000000000000000e+00 4.144019999999999926e-01 4.403500000000000192e-01 5.977999999999999807e-03 1.425099999999999978e-02
0.000000000000000000e+00 4.180030000000000134e-01 4.325120000000000076e-01 4.211999999999999598e-03 1.526899999999999959e-02
0.000000000000000000e+00 4.101219999999999866e-01 4.092020000000000102e-01 4.754999999999999678e-03 1.547199999999999964e-02
0.000000000000000000e+00 4.048910000000000009e-01 4.196860000000000035e-01 6.793000000000000427e-03 1.038299999999999987e-02
0.000000000000000000e+00 3.982339999999999769e-01 4.295599999999999974e-01 9.783000000000000029e-03 1.058599999999999992e-02
0.000000000000000000e+00 3.566579999999999750e-01 4.276260000000000061e-01 8.966999999999999277e-03 6.718000000000000013e-03
0.000000000000000000e+00 3.622279999999999944e-01 4.172429999999999750e-01 4.619999999999999975e-03 1.363999999999999935e-02
0.000000000000000000e+00 3.677989999999999871e-01 3.922030000000000238e-01 1.086999999999999945e-02 8.347000000000000253e-03
0.000000000000000000e+00 3.315899999999999959e-01 4.108310000000000017e-01 9.102999999999999980e-03 1.343600000000000003e-02
0.000000000000000000e+00 3.307069999999999732e-01 3.756109999999999727e-01 5.707000000000000267e-03 1.384400000000000040e-02
0.000000000000000000e+00 3.793480000000000185e-01 3.536239999999999939e-01 1.086999999999999945e-02 6.106999999999999582e-03
0.000000000000000000e+00 3.917120000000000046e-01 3.304150000000000142e-01 7.336999999999999772e-03 1.425099999999999978e-02
0.000000000000000000e+00 3.969429999999999903e-01 3.702159999999999895e-01 9.374999999999999653e-03 7.939999999999999142e-03
0.000000000000000000e+00 4.540080000000000227e-01 3.563720000000000221e-01 1.073400000000000049e-02 1.323299999999999997e-02
0.000000000000000000e+00 3.309779999999999944e-01 2.686279999999999779e-01 6.250000000000000347e-03 1.445399999999999983e-02
0.000000000000000000e+00 3.670519999999999894e-01 2.693400000000000238e-01 6.929000000000000263e-03 1.506500000000000027e-02
0.000000000000000000e+00 3.907610000000000250e-01 2.783999999999999808e-01 5.163000000000000055e-03 1.608300000000000007e-02
0.000000000000000000e+00 4.182739999999999791e-01 2.255699999999999927e-01 6.113999999999999643e-03 1.465799999999999916e-02
0.000000000000000000e+00 4.466030000000000277e-01 2.493889999999999996e-01 8.151999999999999524e-03 8.550000000000000308e-03
0.000000000000000000e+00 4.561140000000000194e-01 2.426709999999999978e-01 9.511000000000000357e-03 1.017900000000000055e-02
0.000000000000000000e+00 4.770380000000000176e-01 2.637419999999999765e-01 7.609000000000000312e-03 1.241899999999999948e-02
0.000000000000000000e+00 4.918480000000000074e-01 2.688309999999999866e-01 9.783000000000000029e-03 1.323299999999999997e-02
0.000000000000000000e+00 4.932070000000000065e-01 2.952969999999999762e-01 1.168499999999999921e-02 8.753999999999999629e-03
0.000000000000000000e+00 4.760869999999999824e-01 1.886200000000000099e-01 7.609000000000000312e-03 8.347000000000000253e-03
0.000000000000000000e+00 3.226220000000000199e-01 3.187090000000000201e-01 6.386000000000000183e-03 1.363999999999999935e-02
0.000000000000000000e+00 3.103259999999999907e-01 3.528089999999999837e-01 5.434999999999999727e-03 1.140099999999999968e-02
0.000000000000000000e+00 3.169159999999999755e-01 4.419790000000000108e-01 8.016000000000000555e-03 1.017900000000000055e-02
0.000000000000000000e+00 3.224179999999999824e-01 4.976590000000000180e-01 1.059799999999999978e-02 8.347000000000000253e-03
0.000000000000000000e+00 2.652169999999999805e-01 4.293569999999999887e-01 7.065000000000000099e-03 1.058599999999999992e-02
0.000000000000000000e+00 2.368210000000000037e-01 4.498170000000000224e-01 1.086999999999999945e-02 6.310999999999999770e-03
0.000000000000000000e+00 2.321330000000000060e-01 4.593849999999999878e-01 6.113999999999999643e-03 1.323299999999999997e-02
0.000000000000000000e+00 1.976900000000000046e-01 4.154109999999999747e-01 1.005400000000000044e-02 1.078999999999999924e-02
1.000000000000000000e+00 1.916440000000000088e-01 5.003049999999999997e-01 4.484000000000000138e-03 1.526899999999999959e-02
0.000000000000000000e+00 2.144699999999999940e-01 5.253459999999999797e-01 1.046200000000000081e-02 9.568000000000000116e-03
0.000000000000000000e+00 2.597149999999999737e-01 5.096699999999999564e-01 3.939999999999999926e-03 1.689699999999999883e-02
0.000000000000000000e+00 3.271740000000000204e-01 6.594060000000000477e-01 4.619999999999999975e-03 1.506500000000000027e-02
1.000000000000000000e+00 3.008149999999999991e-01 5.739009999999999945e-01 9.783000000000000029e-03 6.514999999999999958e-03
0.000000000000000000e+00 2.663719999999999977e-01 6.202159999999999895e-01 4.211999999999999598e-03 1.608300000000000007e-02
0.000000000000000000e+00 2.143339999999999967e-01 6.210299999999999709e-01 7.200999999999999936e-03 1.160399999999999973e-02
0.000000000000000000e+00 2.040079999999999949e-01 6.214370000000000172e-01 1.046200000000000081e-02 1.078999999999999924e-02
0.000000000000000000e+00 3.175270000000000037e-01 7.229229999999999823e-01 9.783000000000000029e-03 8.142999999999999197e-03
1.000000000000000000e+00 2.707200000000000162e-01 6.909610000000000474e-01 6.657999999999999856e-03 1.343600000000000003e-02
0.000000000000000000e+00 2.665759999999999796e-01 6.894339999999999913e-01 6.250000000000000347e-03 9.568000000000000116e-03
1.000000000000000000e+00 2.531930000000000014e-01 7.135590000000000543e-01 9.646999999999999326e-03 1.017900000000000055e-02
1.000000000000000000e+00 2.246599999999999986e-01 7.013439999999999674e-01 1.018999999999999941e-02 8.142999999999999197e-03
0.000000000000000000e+00 1.966710000000000125e-01 6.725370000000000514e-01 8.831999999999999573e-03 1.078999999999999924e-02
0.000000000000000000e+00 1.794159999999999922e-01 6.688720000000000221e-01 9.102999999999999980e-03 9.976000000000000492e-03
0.000000000000000000e+00 1.900139999999999885e-01 6.954399999999999471e-01 6.657999999999999856e-03 1.547199999999999964e-02
