0.000000000000000000e+00 1.560459999999999903e-01 5.941570000000000462e-01 7.745000000000000148e-03 7.125000000000000257e-03
1.000000000000000000e+00 2.215350000000000097e-01 5.664700000000000291e-01 3.939999999999999926e-03 1.445399999999999983e-02
0.000000000000000000e+00 2.381109999999999893e-01 5.384769999999999834e-01 3.939999999999999926e-03 1.099299999999999930e-02
1.000000000000000000e+00 2.510870000000000046e-01 5.122149999999999759e-01 5.434999999999999727e-03 1.221500000000000016e-02
1.000000000000000000e+00 2.804349999999999898e-01 5.518119999999999692e-01 5.977999999999999807e-03 8.753999999999999629e-03
1.000000000000000000e+00 2.847830000000000084e-01 5.471289999999999765e-01 7.879999999999999852e-03 7.125000000000000257e-03
1.000000000000000000e+00 2.960599999999999898e-01 5.040719999999999645e-01 4.348000000000000302e-03 1.343600000000000003e-02
1.000000000000000000e+00 2.804349999999999898e-01 4.647800000000000264e-01 6.250000000000000347e-03 9.771999999999999437e-03
1.000000000000000000e+00 3.039399999999999880e-01 4.847310000000000230e-01 6.793000000000000427e-03 9.771999999999999437e-03
0.000000000000000000e+00 2.382469999999999866e-01 4.189740000000000131e-01 4.211999999999999598e-03 1.262199999999999954e-02
0.000000000000000000e+00 3.031929999999999903e-01 4.176509999999999945e-01 8.288000000000000228e-03 7.125000000000000257e-03
0.000000000000000000e+00 2.911679999999999824e-01 3.558629999999999849e-01 7.879999999999999852e-03 8.958000000000000684e-03
1.000000000000000000e+00 4.105980000000000185e-01 1.820029999999999981e-01 6.793000000000000427e-03 6.922000000000000201e-03
1.000000000000000000e+00 3.976899999999999880e-01 2.143730000000000080e-01 6.250000000000000347e-03 1.221500000000000016e-02
1.000000000000000000e+00 4.332880000000000065e-01 2.036850000000000049e-01 5.434999999999999727e-03 1.038299999999999987e-02
0.000000000000000000e+00 4.144700000000000051e-01 2.950940000000000230e-01 3.125000000000000173e-03 1.241899999999999948e-02
1.000000000000000000e+00 4.351900000000000213e-01 3.112789999999999724e-01 4.348000000000000302e-03 9.771999999999999437e-03
1.000000000000000000e+00 4.319970000000000199e-01 3.093440000000000079e-01 7.200999999999999936e-03 3.461000000000000101e-03
0.000000000000000000e+00 4.211280000000000023e-01 3.361160000000000259e-01 5.298999999999999891e-03 1.140099999999999968e-02
0.000000000000000000e+00 4.058419999999999805e-01 3.507739999999999747e-01 7.609000000000000312e-03 7.328999999999999578e-03
1.000000000000000000e+00 4.183419999999999916e-01 3.442589999999999817e-01 2.716999999999999797e-03 1.302900000000000065e-02
1.000000000000000000e+00 3.775819999999999732e-01 3.583060000000000134e-01 7.879999999999999852e-03 6.514999999999999958e-03
1.000000000000000000e+00 3.628399999999999959e-01 3.542350000000000221e-01 8.288000000000000228e-03 9.771999999999999437e-03
0.000000000000000000e+00 3.512230000000000074e-01 3.351999999999999980e-01 5.434999999999999727e-03 1.241899999999999948e-02
1.000000000000000000e+00 3.456520000000000148e-01 3.748980000000000090e-01 7.065000000000000099e-03 4.275000000000000154e-03
1.000000000000000000e+00 3.758150000000000102e-01 3.722520000000000273e-01 7.065000000000000099e-03 1.038299999999999987e-02
0.000000000000000000e+00 3.767659999999999898e-01 3.663480000000000070e-01 4.348000000000000302e-03 1.201100000000000084e-02
0.000000000000000000e+00 4.294160000000000199e-01 3.937300000000000244e-01 9.102999999999999980e-03 6.514999999999999958e-03
1.000000000000000000e+00 4.065219999999999945e-01 4.088970000000000105e-01 7.879999999999999852e-03 1.078999999999999924e-02
1.000000000000000000e+00 3.972149999999999848e-01 3.976999999999999980e-01 6.386000000000000183e-03 8.753999999999999629e-03
1.000000000000000000e+00 3.862090000000000245e-01 3.831430000000000113e-01 6.657999999999999856e-03 9.365000000000000061e-03
0.000000000000000000e+00 3.783969999999999834e-01 3.982080000000000064e-01 4.891000000000000382e-03 1.343600000000000003e-02
1.000000000000000000e+00 4.013590000000000213e-01 4.120519999999999738e-01 6.793000000000000427e-03 1.017900000000000055e-02
0.000000000000000000e+00 3.418479999999999852e-01 4.107290000000000108e-01 8.151999999999999524e-03 9.568000000000000116e-03
0.000000000000000000e+00 3.595110000000000250e-01 4.230459999999999776e-01 4.891000000000000382e-03 1.180800000000000079e-02
0.000000000000000000e+00 4.022419999999999884e-01 4.495109999999999939e-01 2.853000000000000067e-03 1.180800000000000079e-02
0.000000000000000000e+00 4.076770000000000116e-01 4.524630000000000041e-01 5.298999999999999891e-03 9.161000000000000740e-03
0.000000000000000000e+00 4.127719999999999723e-01 4.472720000000000029e-01 7.065000000000000099e-03 8.142999999999999197e-03
0.000000000000000000e+00 4.207199999999999829e-01 4.443199999999999927e-01 8.288000000000000228e-03 1.160399999999999973e-02
0.000000000000000000e+00 4.072009999999999796e-01 4.633550000000000169e-01 5.434999999999999727e-03 1.262199999999999954e-02
0.000000000000000000e+00 3.652850000000000263e-01 4.777080000000000215e-01 4.211999999999999598e-03 1.160399999999999973e-02
1.000000000000000000e+00 3.924590000000000023e-01 4.638639999999999985e-01 7.745000000000000148e-03 7.939999999999999142e-03
1.000000000000000000e+00 3.902169999999999805e-01 4.330209999999999892e-01 5.977999999999999807e-03 8.958000000000000684e-03
1.000000000000000000e+00 3.756109999999999727e-01 4.396379999999999733e-01 8.016000000000000555e-03 9.568000000000000116e-03
1.000000000000000000e+00 3.329480000000000217e-01 4.549059999999999770e-01 1.046200000000000081e-02 4.682000000000000398e-03
0.000000000000000000e+00 3.655570000000000208e-01 5.130289999999999573e-01 5.027000000000000218e-03 1.302900000000000065e-02
1.000000000000000000e+00 3.947010000000000240e-01 4.922639999999999794e-01 4.619999999999999975e-03 1.140099999999999968e-02
1.000000000000000000e+00 4.196329999999999782e-01 4.630500000000000171e-01 4.484000000000000138e-03 1.078999999999999924e-02
0.000000000000000000e+00 4.085599999999999787e-01 5.239209999999999701e-01 3.804000000000000090e-03 1.282600000000000059e-02
0.000000000000000000e+00 3.778529999999999944e-01 5.342019999999999547e-01 8.696000000000000604e-03 4.885999999999999718e-03
0.000000000000000000e+00 3.518339999999999801e-01 5.380700000000000482e-01 4.484000000000000138e-03 1.180800000000000079e-02
0.000000000000000000e+00 3.399460000000000259e-01 5.324710000000000276e-01 9.239000000000000684e-03 7.532999999999999766e-03
1.000000000000000000e+00 3.413720000000000088e-01 5.408180000000000209e-01 4.754999999999999678e-03 1.445399999999999983e-02
1.000000000000000000e+00 4.004759999999999986e-01 5.701340000000000297e-01 5.571000000000000431e-03 1.323299999999999997e-02
0.000000000000000000e+00 3.478260000000000240e-01 5.660629999999999828e-01 5.434999999999999727e-03 1.282600000000000059e-02
0.000000000000000000e+00 3.218750000000000222e-01 5.665719999999999645e-01 5.977999999999999807e-03 1.180800000000000079e-02
0.000000000000000000e+00 3.471469999999999834e-01 6.042349999999999666e-01 4.075999999999999762e-03 1.221500000000000016e-02
0.000000000000000000e+00 3.430030000000000023e-01 6.024019999999999930e-01 6.113999999999999643e-03 7.328999999999999578e-03
0.000000000000000000e+00 5.233020000000000449e-01 6.916729999999999823e-01 6.386000000000000183e-03 8.347000000000000253e-03
0.000000000000000000e+00 4.989810000000000079e-01 6.527889999999999526e-01 2.853000000000000067e-03 1.201100000000000084e-02
0.000000000000000000e+00 4.901490000000000014e-01 6.640880000000000116e-01 5.841999999999999971e-03 1.302900000000000065e-02
0.000000000000000000e+00 4.491169999999999884e-01 6.451550000000000340e-01 5.027000000000000218e-03 1.343600000000000003e-02
0.000000000000000000e+00 5.377720000000000278e-01 6.391489999999999672e-01 7.336999999999999772e-03 7.532999999999999766e-03
0.000000000000000000e+00 5.317929999999999602e-01 6.438310000000000421e-01 7.336999999999999772e-03 1.038299999999999987e-02
1.000000000000000000e+00 5.209920000000000107e-01 6.004680000000000017e-01 6.657999999999999856e-03 1.201100000000000084e-02
1.000000000000000000e+00 5.517659999999999787e-01 6.161440000000000250e-01 5.707000000000000267e-03 1.282600000000000059e-02
0.000000000000000000e+00 5.471470000000000500e-01 5.789900000000000047e-01 4.075999999999999762e-03 1.343600000000000003e-02
0.000000000000000000e+00 5.408969999999999612e-01 5.112989999999999480e-01 4.891000000000000382e-03 1.119700000000000036e-02
0.000000000000000000e+00 5.615489999999999648e-01 4.838149999999999951e-01 5.434999999999999727e-03 1.160399999999999973e-02
0.000000000000000000e+00 5.109380000000000033e-01 5.258549999999999613e-01 4.211999999999999598e-03 1.343600000000000003e-02
0.000000000000000000e+00 4.970109999999999806e-01 5.038679999999999826e-01 9.239000000000000684e-03 4.479000000000000342e-03
0.000000000000000000e+00 4.587640000000000051e-01 5.368490000000000206e-01 8.831999999999999573e-03 1.099299999999999930e-02
0.000000000000000000e+00 4.427309999999999857e-01 4.770969999999999933e-01 8.831999999999999573e-03 1.119700000000000036e-02
1.000000000000000000e+00 4.772419999999999995e-01 4.935869999999999980e-01 8.016000000000000555e-03 5.497000000000000150e-03
1.000000000000000000e+00 5.108019999999999783e-01 4.882940000000000058e-01 5.298999999999999891e-03 1.038299999999999987e-02
1.000000000000000000e+00 5.258150000000000324e-01 5.161850000000000049e-01 8.423999999999999197e-03 9.976000000000000492e-03
0.000000000000000000e+00 5.052309999999999857e-01 4.589779999999999971e-01 8.559999999999999901e-03 1.119700000000000036e-02
1.000000000000000000e+00 5.261550000000000393e-01 4.278299999999999881e-01 5.841999999999999971e-03 1.201100000000000084e-02
0.000000000000000000e+00 4.707879999999999843e-01 4.421820000000000195e-01 9.239000000000000684e-03 6.106999999999999582e-03
0.000000000000000000e+00 4.697009999999999796e-01 4.286440000000000250e-01 8.423999999999999197e-03 1.201100000000000084e-02
0.000000000000000000e+00 4.523780000000000023e-01 4.218239999999999768e-01 4.754999999999999678e-03 1.343600000000000003e-02
0.000000000000000000e+00 4.859379999999999811e-01 3.960710000000000064e-01 3.939999999999999926e-03 1.282600000000000059e-02
0.000000000000000000e+00 4.440219999999999723e-01 3.658390000000000253e-01 7.065000000000000099e-03 7.735999999999999821e-03
0.000000000000000000e+00 4.430029999999999801e-01 3.440549999999999997e-01 8.559999999999999901e-03 7.735999999999999821e-03
0.000000000000000000e+00 4.689539999999999820e-01 3.578990000000000227e-01 3.939999999999999926e-03 1.099299999999999930e-02
0.000000000000000000e+00 4.733020000000000005e-01 3.547429999999999750e-01 5.571000000000000431e-03 1.078999999999999924e-02
0.000000000000000000e+00 4.725539999999999741e-01 3.477199999999999736e-01 3.533000000000000116e-03 1.262199999999999954e-02
0.000000000000000000e+00 5.021060000000000523e-01 3.876220000000000221e-01 8.288000000000000228e-03 7.735999999999999821e-03
0.000000000000000000e+00 5.049590000000000467e-01 3.808019999999999738e-01 6.929000000000000263e-03 9.161000000000000740e-03
0.000000000000000000e+00 5.161679999999999602e-01 3.695030000000000259e-01 3.261000000000000010e-03 1.221500000000000016e-02
0.000000000000000000e+00 4.652169999999999916e-01 3.306189999999999962e-01 3.261000000000000010e-03 1.302900000000000065e-02
0.000000000000000000e+00 5.205840000000000467e-01 3.108710000000000084e-01 5.298999999999999891e-03 1.262199999999999954e-02
0.000000000000000000e+00 5.213989999999999458e-01 3.415110000000000090e-01 5.841999999999999971e-03 1.282600000000000059e-02
1.000000000000000000e+00 4.860050000000000203e-01 3.755089999999999817e-01 4.891000000000000382e-03 1.323299999999999997e-02
1.000000000000000000e+00 5.220789999999999598e-01 3.694009999999999794e-01 4.211999999999999598e-03 1.404700000000000046e-02
1.000000000000000000e+00 5.450409999999999977e-01 3.647190000000000154e-01 9.102999999999999980e-03 7.939999999999999142e-03
1.000000000000000000e+00 4.761549999999999949e-01 3.398820000000000174e-01 4.211999999999999598e-03 1.241899999999999948e-02
0.000000000000000000e+00 4.746600000000000263e-01 3.257329999999999948e-01 7.200999999999999936e-03 8.550000000000000308e-03
1.000000000000000000e+00 5.326769999999999561e-01 2.868490000000000206e-01 7.200999999999999936e-03 6.922000000000000201e-03
1.000000000000000000e+00 5.260869999999999713e-01 2.930579999999999852e-01 7.336999999999999772e-03 7.532999999999999766e-03
0.000000000000000000e+00 5.004079999999999639e-01 2.953990000000000227e-01 7.065000000000000099e-03 9.771999999999999437e-03
0.000000000000000000e+00 4.564540000000000264e-01 2.736160000000000259e-01 5.571000000000000431e-03 1.262199999999999954e-02
1.000000000000000000e+00 4.864809999999999968e-01 2.325939999999999952e-01 7.745000000000000148e-03 7.939999999999999142e-03
1.000000000000000000e+00 6.016979999999999551e-01 2.900039999999999840e-01 9.102999999999999980e-03 4.682000000000000398e-03
1.000000000000000000e+00 6.453799999999999537e-01 2.717829999999999968e-01 7.609000000000000312e-03 7.735999999999999821e-03
1.000000000000000000e+00 5.803669999999999662e-01 2.686279999999999779e-01 5.298999999999999891e-03 1.323299999999999997e-02
1.000000000000000000e+00 6.638589999999999769e-01 2.924470000000000125e-01 7.065000000000000099e-03 5.497000000000000150e-03
1.000000000000000000e+00 6.914400000000000546e-01 3.263440000000000230e-01 5.163000000000000055e-03 1.140099999999999968e-02
0.000000000000000000e+00 6.496600000000000152e-01 3.683839999999999892e-01 5.841999999999999971e-03 1.078999999999999924e-02
0.000000000000000000e+00 6.230980000000000407e-01 3.797840000000000105e-01 7.609000000000000312e-03 9.568000000000000116e-03
1.000000000000000000e+00 6.425269999999999593e-01 3.763230000000000186e-01 7.609000000000000312e-03 7.125000000000000257e-03
1.000000000000000000e+00 6.271060000000000523e-01 3.673660000000000259e-01 9.374999999999999653e-03 6.718000000000000013e-03
1.000000000000000000e+00 6.085599999999999898e-01 3.570849999999999858e-01 8.151999999999999524e-03 5.292999999999999962e-03
0.000000000000000000e+00 5.796879999999999811e-01 3.716409999999999991e-01 5.298999999999999891e-03 1.241899999999999948e-02
0.000000000000000000e+00 5.704479999999999551e-01 4.067589999999999817e-01 7.745000000000000148e-03 7.735999999999999821e-03
0.000000000000000000e+00 5.767660000000000009e-01 4.197879999999999945e-01 7.879999999999999852e-03 7.328999999999999578e-03
0.000000000000000000e+00 5.835599999999999676e-01 4.396379999999999733e-01 2.716999999999999797e-03 1.282600000000000059e-02
0.000000000000000000e+00 5.989130000000000287e-01 4.444219999999999837e-01 7.065000000000000099e-03 7.735999999999999821e-03
0.000000000000000000e+00 6.846470000000000056e-01 4.489009999999999945e-01 3.804000000000000090e-03 1.343600000000000003e-02
0.000000000000000000e+00 6.771740000000000537e-01 4.386200000000000099e-01 5.163000000000000055e-03 1.241899999999999948e-02
0.000000000000000000e+00 6.642660000000000231e-01 4.563309999999999866e-01 8.151999999999999524e-03 8.347000000000000253e-03
0.000000000000000000e+00 6.619570000000000176e-01 4.385180000000000189e-01 6.522000000000000020e-03 1.058599999999999992e-02
0.000000000000000000e+00 6.535330000000000306e-01 4.282369999999999788e-01 8.696000000000000604e-03 9.161000000000000740e-03
0.000000000000000000e+00 6.419160000000000421e-01 4.423860000000000015e-01 9.102999999999999980e-03 5.292999999999999962e-03
0.000000000000000000e+00 6.725539999999999852e-01 4.175490000000000035e-01 8.423999999999999197e-03 9.771999999999999437e-03
0.000000000000000000e+00 6.820650000000000324e-01 4.076750000000000096e-01 4.619999999999999975e-03 1.160399999999999973e-02
1.000000000000000000e+00 6.766980000000000217e-01 4.075730000000000186e-01 5.027000000000000218e-03 1.180800000000000079e-02
1.000000000000000000e+00 6.949049999999999949e-01 4.515469999999999762e-01 7.745000000000000148e-03 4.885999999999999718e-03
0.000000000000000000e+00 6.843749999999999556e-01 4.713970000000000105e-01 5.434999999999999727e-03 1.160399999999999973e-02
0.000000000000000000e+00 6.598509999999999653e-01 4.880900000000000238e-01 5.298999999999999891e-03 1.323299999999999997e-02
0.000000000000000000e+00 6.483020000000000449e-01 4.824919999999999765e-01 7.200999999999999936e-03 1.221500000000000016e-02
0.000000000000000000e+00 6.136549999999999505e-01 4.553139999999999965e-01 4.211999999999999598e-03 1.323299999999999997e-02
0.000000000000000000e+00 6.099179999999999602e-01 4.589779999999999971e-01 4.891000000000000382e-03 1.323299999999999997e-02
0.000000000000000000e+00 6.177310000000000301e-01 5.015269999999999451e-01 8.831999999999999573e-03 8.753999999999999629e-03
1.000000000000000000e+00 6.127040000000000264e-01 4.800490000000000035e-01 5.841999999999999971e-03 1.017900000000000055e-02
0.000000000000000000e+00 6.101220000000000532e-01 4.773000000000000020e-01 3.396999999999999846e-03 1.363999999999999935e-02
0.000000000000000000e+00 6.082880000000000509e-01 4.762830000000000119e-01 2.716999999999999797e-03 1.282600000000000059e-02
1.000000000000000000e+00 5.734380000000000033e-01 4.607080000000000064e-01 4.484000000000000138e-03 1.425099999999999978e-02
0.000000000000000000e+00 5.793479999999999741e-01 5.223940000000000250e-01 5.163000000000000055e-03 1.302900000000000065e-02
1.000000000000000000e+00 5.829480000000000217e-01 5.339979999999999727e-01 4.211999999999999598e-03 1.343600000000000003e-02
1.000000000000000000e+00 6.403529999999999500e-01 5.402080000000000215e-01 8.696000000000000604e-03 7.532999999999999766e-03
0.000000000000000000e+00 6.866170000000000329e-01 5.334889999999999910e-01 6.386000000000000183e-03 7.939999999999999142e-03
0.000000000000000000e+00 6.692930000000000268e-01 5.953789999999999916e-01 5.163000000000000055e-03 1.201100000000000084e-02
0.000000000000000000e+00 6.099860000000000282e-01 6.220480000000000453e-01 8.831999999999999573e-03 5.904000000000000394e-03
1.000000000000000000e+00 5.987090000000000467e-01 6.100370000000000514e-01 9.102999999999999980e-03 6.310999999999999770e-03
0.000000000000000000e+00 5.732340000000000213e-01 6.179759999999999698e-01 6.250000000000000347e-03 9.568000000000000116e-03
1.000000000000000000e+00 8.187499999999999778e-01 6.521780000000000355e-01 5.707000000000000267e-03 1.119700000000000036e-02
1.000000000000000000e+00 7.844430000000000014e-01 6.219459999999999988e-01 5.841999999999999971e-03 8.958000000000000684e-03
1.000000000000000000e+00 7.277169999999999472e-01 6.412870000000000514e-01 3.533000000000000116e-03 1.302900000000000065e-02
0.000000000000000000e+00 7.324730000000000407e-01 6.169580000000000064e-01 6.250000000000000347e-03 1.404700000000000046e-02
1.000000000000000000e+00 7.385190000000000365e-01 6.000609999999999555e-01 6.657999999999999856e-03 9.976000000000000492e-03
0.000000000000000000e+00 7.277850000000000152e-01 5.774629999999999486e-01 5.027000000000000218e-03 1.404700000000000046e-02
1.000000000000000000e+00 7.034650000000000070e-01 5.470279999999999587e-01 6.386000000000000183e-03 9.365000000000000061e-03
1.000000000000000000e+00 7.362769999999999593e-01 5.302320000000000366e-01 9.783000000000000029e-03 9.568000000000000116e-03
1.000000000000000000e+00 7.582879999999999621e-01 5.068200000000000482e-01 7.065000000000000099e-03 7.939999999999999142e-03
0.000000000000000000e+00 7.103260000000000129e-01 5.202569999999999695e-01 5.977999999999999807e-03 9.976000000000000492e-03
0.000000000000000000e+00 7.133150000000000324e-01 5.124189999999999579e-01 7.609000000000000312e-03 8.958000000000000684e-03
0.000000000000000000e+00 7.226219999999999866e-01 4.808629999999999849e-01 9.102999999999999980e-03 5.700000000000000205e-03
0.000000000000000000e+00 7.103260000000000129e-01 4.651870000000000172e-01 6.793000000000000427e-03 7.735999999999999821e-03
0.000000000000000000e+00 7.113450000000000051e-01 4.601999999999999980e-01 8.831999999999999573e-03 5.497000000000000150e-03
0.000000000000000000e+00 7.281929999999999792e-01 4.566370000000000151e-01 3.939999999999999926e-03 1.099299999999999930e-02
1.000000000000000000e+00 7.436139999999999972e-01 4.480859999999999843e-01 2.988999999999999903e-03 1.506500000000000027e-02
1.000000000000000000e+00 7.277850000000000152e-01 4.526669999999999860e-01 8.016000000000000555e-03 9.161000000000000740e-03
1.000000000000000000e+00 7.427310000000000301e-01 4.269140000000000157e-01 7.745000000000000148e-03 7.735999999999999821e-03
0.000000000000000000e+00 7.086280000000000356e-01 3.912869999999999959e-01 7.200999999999999936e-03 9.771999999999999437e-03
1.000000000000000000e+00 7.257470000000000310e-01 3.591210000000000235e-01 9.374999999999999653e-03 7.328999999999999578e-03
