0.000000000000000000e+00 8.220790000000000042e-01 7.190549999999999997e-01 9.102999999999999980e-03 6.922000000000000201e-03
0.000000000000000000e+00 8.151490000000000125e-01 7.079600000000000337e-01 8.831999999999999573e-03 8.347000000000000253e-03
0.000000000000000000e+00 8.311140000000000194e-01 6.837339999999999529e-01 4.348000000000000302e-03 1.445399999999999983e-02
0.000000000000000000e+00 8.319969999999999866e-01 6.750810000000000421e-01 6.657999999999999856e-03 1.221500000000000016e-02
0.000000000000000000e+00 8.442929999999999602e-01 6.404720000000000413e-01 5.977999999999999807e-03 1.221500000000000016e-02
0.000000000000000000e+00 7.882470000000000310e-01 6.616450000000000387e-01 8.559999999999999901e-03 8.958000000000000684e-03
0.000000000000000000e+00 7.871599999999999708e-01 7.078579999999999872e-01 8.288000000000000228e-03 1.099299999999999930e-02
0.000000000000000000e+00 7.953799999999999759e-01 7.137620000000000076e-01 8.966999999999999277e-03 5.292999999999999962e-03
0.000000000000000000e+00 7.370240000000000125e-01 7.200729999999999631e-01 4.754999999999999678e-03 1.425099999999999978e-02
0.000000000000000000e+00 7.493889999999999718e-01 7.062300000000000244e-01 1.018999999999999941e-02 8.550000000000000308e-03
0.000000000000000000e+00 7.191579999999999639e-01 7.182410000000000183e-01 8.696000000000000604e-03 8.550000000000000308e-03
0.000000000000000000e+00 7.103260000000000129e-01 7.113190000000000346e-01 3.804000000000000090e-03 1.750799999999999926e-02
0.000000000000000000e+00 6.816579999999999862e-01 7.004280000000000506e-01 1.141299999999999953e-02 6.310999999999999770e-03
0.000000000000000000e+00 6.743890000000000162e-01 7.133549999999999613e-01 7.745000000000000148e-03 8.550000000000000308e-03
0.000000000000000000e+00 6.716029999999999500e-01 7.078579999999999872e-01 7.879999999999999852e-03 7.735999999999999821e-03
0.000000000000000000e+00 6.647420000000000551e-01 6.944219999999999837e-01 7.472999999999999608e-03 1.302900000000000065e-02
0.000000000000000000e+00 6.789399999999999880e-01 6.617469999999999741e-01 5.977999999999999807e-03 1.486200000000000021e-02
0.000000000000000000e+00 6.950410000000000199e-01 6.705010000000000137e-01 4.484000000000000138e-03 9.976000000000000492e-03
1.000000000000000000e+00 6.936820000000000208e-01 6.629680000000000017e-01 9.102999999999999980e-03 9.976000000000000492e-03
0.000000000000000000e+00 6.927990000000000537e-01 6.335499999999999465e-01 8.151999999999999524e-03 1.140099999999999968e-02
0.000000000000000000e+00 7.269020000000000481e-01 6.384360000000000035e-01 5.977999999999999807e-03 1.221500000000000016e-02
0.000000000000000000e+00 7.286679999999999824e-01 6.466819999999999791e-01 4.348000000000000302e-03 1.201100000000000084e-02
0.000000000000000000e+00 7.331520000000000259e-01 6.405739999999999768e-01 8.966999999999999277e-03 7.532999999999999766e-03
0.000000000000000000e+00 7.694290000000000296e-01 6.236770000000000369e-01 5.434999999999999727e-03 1.363999999999999935e-02
1.000000000000000000e+00 7.725539999999999630e-01 6.339580000000000215e-01 4.348000000000000302e-03 1.180800000000000079e-02
1.000000000000000000e+00 8.053670000000000551e-01 5.657569999999999544e-01 7.745000000000000148e-03 1.180800000000000079e-02
1.000000000000000000e+00 7.999319999999999764e-01 5.431599999999999762e-01 4.211999999999999598e-03 1.262199999999999954e-02
1.000000000000000000e+00 7.715349999999999708e-01 4.930780000000000163e-01 1.073400000000000049e-02 3.256999999999999913e-03
0.000000000000000000e+00 7.745919999999999472e-01 4.896170000000000244e-01 9.239000000000000684e-03 5.292999999999999962e-03
0.000000000000000000e+00 7.741850000000000120e-01 5.319629999999999637e-01 7.336999999999999772e-03 1.262199999999999954e-02
0.000000000000000000e+00 7.506789999999999852e-01 5.577159999999999895e-01 9.239000000000000684e-03 8.753999999999999629e-03
0.000000000000000000e+00 7.394699999999999607e-01 5.668769999999999643e-01 9.917999999999999733e-03 6.310999999999999770e-03
0.000000000000000000e+00 6.949729999999999519e-01 5.937500000000000000e-01 6.522000000000000020e-03 1.404700000000000046e-02
0.000000000000000000e+00 7.105299999999999949e-01 5.523209999999999509e-01 1.236399999999999999e-02 1.140099999999999968e-02
0.000000000000000000e+00 6.834919999999999884e-01 5.498779999999999779e-01 7.472999999999999608e-03 1.302900000000000065e-02
0.000000000000000000e+00 6.727579999999999671e-01 5.141489999999999672e-01 1.046200000000000081e-02 7.939999999999999142e-03
0.000000000000000000e+00 7.303669999999999884e-01 5.274839999999999529e-01 9.917999999999999733e-03 1.017900000000000055e-02
0.000000000000000000e+00 7.148780000000000134e-01 4.991860000000000186e-01 8.559999999999999901e-03 1.180800000000000079e-02
0.000000000000000000e+00 7.328120000000000189e-01 4.411640000000000006e-01 6.386000000000000183e-03 1.669400000000000051e-02
0.000000000000000000e+00 7.338320000000000398e-01 4.183629999999999849e-01 3.533000000000000116e-03 1.180800000000000079e-02
0.000000000000000000e+00 7.345110000000000250e-01 4.060460000000000180e-01 8.696000000000000604e-03 9.161000000000000740e-03
0.000000000000000000e+00 7.235730000000000217e-01 4.101179999999999826e-01 9.102999999999999980e-03 1.282600000000000059e-02
0.000000000000000000e+00 7.194289999999999852e-01 4.754680000000000017e-01 5.434999999999999727e-03 1.038299999999999987e-02
0.000000000000000000e+00 6.714670000000000361e-01 4.600980000000000070e-01 9.783000000000000029e-03 8.550000000000000308e-03
0.000000000000000000e+00 6.890629999999999811e-01 4.355660000000000087e-01 6.929000000000000263e-03 1.689699999999999883e-02
0.000000000000000000e+00 6.773780000000000356e-01 4.213149999999999951e-01 8.288000000000000228e-03 1.038299999999999987e-02
0.000000000000000000e+00 6.934099999999999708e-01 3.784609999999999919e-01 7.472999999999999608e-03 1.221500000000000016e-02
0.000000000000000000e+00 6.857339999999999547e-01 3.744910000000000183e-01 8.151999999999999524e-03 6.310999999999999770e-03
0.000000000000000000e+00 7.165080000000000338e-01 3.712340000000000084e-01 8.831999999999999573e-03 6.310999999999999770e-03
0.000000000000000000e+00 7.155569999999999986e-01 2.753459999999999797e-01 8.559999999999999901e-03 1.323299999999999997e-02
0.000000000000000000e+00 7.169839999999999547e-01 3.056800000000000073e-01 4.348000000000000302e-03 1.649000000000000118e-02
0.000000000000000000e+00 7.273779999999999690e-01 3.313309999999999866e-01 7.745000000000000148e-03 1.486200000000000021e-02
0.000000000000000000e+00 7.531250000000000444e-01 3.492469999999999741e-01 7.879999999999999852e-03 2.015499999999999931e-02
0.000000000000000000e+00 6.546870000000000189e-01 2.410420000000000063e-01 5.027000000000000218e-03 1.628699999999999939e-02
0.000000000000000000e+00 6.578800000000000203e-01 2.982489999999999863e-01 8.151999999999999524e-03 9.771999999999999437e-03
0.000000000000000000e+00 6.444290000000000296e-01 2.961119999999999863e-01 1.195700000000000061e-02 1.038299999999999987e-02
0.000000000000000000e+00 6.281930000000000014e-01 2.890880000000000116e-01 1.236399999999999999e-02 6.106999999999999582e-03
0.000000000000000000e+00 5.277849999999999486e-01 2.648619999999999863e-01 9.646999999999999326e-03 7.735999999999999821e-03
0.000000000000000000e+00 5.207880000000000287e-01 2.929559999999999942e-01 5.163000000000000055e-03 1.058599999999999992e-02
0.000000000000000000e+00 5.394700000000000051e-01 2.952969999999999762e-01 6.657999999999999856e-03 1.241899999999999948e-02
0.000000000000000000e+00 5.321329999999999671e-01 3.054760000000000253e-01 6.657999999999999856e-03 1.567599999999999896e-02
0.000000000000000000e+00 5.239810000000000301e-01 2.967219999999999858e-01 7.745000000000000148e-03 5.904000000000000394e-03
0.000000000000000000e+00 5.311820000000000430e-01 3.260379999999999945e-01 6.113999999999999643e-03 1.241899999999999948e-02
0.000000000000000000e+00 5.896740000000000315e-01 3.086320000000000174e-01 3.533000000000000116e-03 1.547199999999999964e-02
0.000000000000000000e+00 5.900819999999999954e-01 3.260379999999999945e-01 8.966999999999999277e-03 7.532999999999999766e-03
0.000000000000000000e+00 6.127719999999999834e-01 3.243079999999999852e-01 3.804000000000000090e-03 1.506500000000000027e-02
0.000000000000000000e+00 6.560460000000000180e-01 4.087950000000000195e-01 5.841999999999999971e-03 1.384400000000000040e-02
0.000000000000000000e+00 6.269019999999999593e-01 3.599350000000000049e-01 4.075999999999999762e-03 1.547199999999999964e-02
1.000000000000000000e+00 6.105979999999999741e-01 3.748980000000000090e-01 7.065000000000000099e-03 1.241899999999999948e-02
0.000000000000000000e+00 6.184100000000000152e-01 3.969869999999999788e-01 3.667999999999999820e-03 1.262199999999999954e-02
0.000000000000000000e+00 6.146059999999999857e-01 3.912869999999999959e-01 4.754999999999999678e-03 1.140099999999999968e-02
0.000000000000000000e+00 5.847149999999999848e-01 4.105249999999999733e-01 9.646999999999999326e-03 9.161000000000000740e-03
0.000000000000000000e+00 5.789400000000000102e-01 4.232489999999999863e-01 6.250000000000000347e-03 1.587900000000000075e-02
0.000000000000000000e+00 5.574050000000000393e-01 4.330209999999999892e-01 9.102999999999999980e-03 6.514999999999999958e-03
1.000000000000000000e+00 5.522420000000000107e-01 3.437500000000000000e-01 6.929000000000000263e-03 1.160399999999999973e-02
0.000000000000000000e+00 5.453799999999999759e-01 3.428340000000000276e-01 8.966999999999999277e-03 6.922000000000000201e-03
0.000000000000000000e+00 5.072689999999999699e-01 3.535220000000000029e-01 7.472999999999999608e-03 9.568000000000000116e-03
0.000000000000000000e+00 5.030569999999999764e-01 3.598330000000000140e-01 5.571000000000000431e-03 9.568000000000000116e-03
0.000000000000000000e+00 5.043480000000000185e-01 4.402479999999999727e-01 7.879999999999999852e-03 9.161000000000000740e-03
0.000000000000000000e+00 5.334919999999999662e-01 5.439739999999999576e-01 8.559999999999999901e-03 1.099299999999999930e-02
0.000000000000000000e+00 5.062499999999999778e-01 5.332860000000000378e-01 9.511000000000000357e-03 1.445399999999999983e-02
0.000000000000000000e+00 4.955840000000000245e-01 5.392919999999999936e-01 5.027000000000000218e-03 1.425099999999999978e-02
0.000000000000000000e+00 5.783289999999999820e-01 5.547640000000000349e-01 3.939999999999999926e-03 1.547199999999999964e-02
0.000000000000000000e+00 6.192929999999999824e-01 5.401059999999999750e-01 5.163000000000000055e-03 1.506500000000000027e-02
0.000000000000000000e+00 6.322010000000000129e-01 5.603620000000000267e-01 1.086999999999999945e-02 6.310999999999999770e-03
0.000000000000000000e+00 6.209240000000000315e-01 5.121130000000000404e-01 2.988999999999999903e-03 1.689699999999999883e-02
1.000000000000000000e+00 6.233699999999999797e-01 5.109930000000000305e-01 4.348000000000000302e-03 1.017900000000000055e-02
0.000000000000000000e+00 6.539399999999999658e-01 5.062090000000000201e-01 9.511000000000000357e-03 7.939999999999999142e-03
0.000000000000000000e+00 6.561139999999999750e-01 4.831030000000000046e-01 7.879999999999999852e-03 8.958000000000000684e-03
0.000000000000000000e+00 6.423229999999999773e-01 4.771989999999999843e-01 4.211999999999999598e-03 1.343600000000000003e-02
0.000000000000000000e+00 5.953800000000000203e-01 4.865639999999999965e-01 9.511000000000000357e-03 1.180800000000000079e-02
0.000000000000000000e+00 6.542799999999999727e-01 5.923249999999999904e-01 1.182099999999999991e-02 7.532999999999999766e-03
0.000000000000000000e+00 6.275819999999999732e-01 6.392510000000000137e-01 8.423999999999999197e-03 6.922000000000000201e-03
0.000000000000000000e+00 6.153530000000000388e-01 6.439329999999999776e-01 7.065000000000000099e-03 1.180800000000000079e-02
0.000000000000000000e+00 6.373640000000000416e-01 6.500409999999999799e-01 8.151999999999999524e-03 4.885999999999999718e-03
0.000000000000000000e+00 6.525819999999999954e-01 6.634769999999999834e-01 4.891000000000000382e-03 1.221500000000000016e-02
0.000000000000000000e+00 6.579479999999999773e-01 6.798659999999999703e-01 6.929000000000000263e-03 9.568000000000000116e-03
0.000000000000000000e+00 6.395380000000000509e-01 6.707039999999999669e-01 7.609000000000000312e-03 7.125000000000000257e-03
0.000000000000000000e+00 6.379080000000000306e-01 6.769140000000000157e-01 4.075999999999999762e-03 1.140099999999999968e-02
0.000000000000000000e+00 6.479620000000000379e-01 6.765069999999999695e-01 4.348000000000000302e-03 8.142999999999999197e-03
0.000000000000000000e+00 6.455159999999999787e-01 6.769140000000000157e-01 7.065000000000000099e-03 6.922000000000000201e-03
0.000000000000000000e+00 6.385189999999999477e-01 6.869910000000000183e-01 4.754999999999999678e-03 9.568000000000000116e-03
0.000000000000000000e+00 6.313180000000000458e-01 6.897389999999999910e-01 8.016000000000000555e-03 8.550000000000000308e-03
0.000000000000000000e+00 6.298909999999999787e-01 6.959490000000000398e-01 4.348000000000000302e-03 1.363999999999999935e-02
0.000000000000000000e+00 5.737769999999999815e-01 6.127850000000000241e-01 8.151999999999999524e-03 1.140099999999999968e-02
0.000000000000000000e+00 5.770380000000000509e-01 5.823490000000000055e-01 5.434999999999999727e-03 1.486200000000000021e-02
0.000000000000000000e+00 5.516299999999999537e-01 5.899839999999999529e-01 9.511000000000000357e-03 8.550000000000000308e-03
0.000000000000000000e+00 5.245919999999999472e-01 5.966000000000000192e-01 1.114099999999999986e-02 9.161000000000000740e-03
0.000000000000000000e+00 4.925950000000000051e-01 1.651060000000000028e-01 6.113999999999999643e-03 1.587900000000000075e-02
0.000000000000000000e+00 4.479620000000000268e-01 2.069419999999999871e-01 6.250000000000000347e-03 1.363999999999999935e-02
1.000000000000000000e+00 4.580159999999999787e-01 2.444010000000000071e-01 4.891000000000000382e-03 1.282600000000000059e-02
0.000000000000000000e+00 4.567260000000000209e-01 3.282780000000000142e-01 5.841999999999999971e-03 1.526899999999999959e-02
0.000000000000000000e+00 4.907610000000000028e-01 3.315350000000000241e-01 5.977999999999999807e-03 1.445399999999999983e-02
0.000000000000000000e+00 4.827449999999999797e-01 4.529719999999999858e-01 4.075999999999999762e-03 1.587900000000000075e-02
0.000000000000000000e+00 4.616850000000000120e-01 4.406559999999999921e-01 1.114099999999999986e-02 8.347000000000000253e-03
0.000000000000000000e+00 4.531930000000000125e-01 4.028909999999999991e-01 5.298999999999999891e-03 1.628699999999999939e-02
0.000000000000000000e+00 4.438179999999999903e-01 4.190760000000000041e-01 8.016000000000000555e-03 1.241899999999999948e-02
0.000000000000000000e+00 4.508829999999999782e-01 4.743490000000000206e-01 7.472999999999999608e-03 1.343600000000000003e-02
0.000000000000000000e+00 4.859379999999999811e-01 4.885990000000000055e-01 8.016000000000000555e-03 1.140099999999999968e-02
0.000000000000000000e+00 4.911679999999999935e-01 4.799470000000000125e-01 5.707000000000000267e-03 1.078999999999999924e-02
0.000000000000000000e+00 4.945649999999999769e-01 4.792350000000000221e-01 7.065000000000000099e-03 9.365000000000000061e-03
0.000000000000000000e+00 4.627720000000000167e-01 5.388840000000000297e-01 7.609000000000000312e-03 9.771999999999999437e-03
1.000000000000000000e+00 4.537359999999999727e-01 5.311479999999999535e-01 8.559999999999999901e-03 7.735999999999999821e-03
0.000000000000000000e+00 4.500000000000000111e-01 5.999590000000000201e-01 7.336999999999999772e-03 9.771999999999999437e-03
0.000000000000000000e+00 4.447690000000000254e-01 6.395560000000000134e-01 4.484000000000000138e-03 1.241899999999999948e-02
0.000000000000000000e+00 4.517660000000000009e-01 6.359930000000000305e-01 9.783000000000000029e-03 7.328999999999999578e-03
0.000000000000000000e+00 4.882469999999999866e-01 6.396579999999999488e-01 9.374999999999999653e-03 5.700000000000000205e-03
0.000000000000000000e+00 4.657609999999999806e-01 6.628659999999999553e-01 2.988999999999999903e-03 1.302900000000000065e-02
0.000000000000000000e+00 4.508829999999999782e-01 6.740639999999999965e-01 8.831999999999999573e-03 7.328999999999999578e-03
0.000000000000000000e+00 4.487090000000000245e-01 6.828180000000000360e-01 5.571000000000000431e-03 1.180800000000000079e-02
0.000000000000000000e+00 4.661009999999999875e-01 6.906560000000000477e-01 3.667999999999999820e-03 1.363999999999999935e-02
0.000000000000000000e+00 4.721469999999999834e-01 6.784409999999999608e-01 4.891000000000000382e-03 9.161000000000000740e-03
0.000000000000000000e+00 4.783970000000000167e-01 6.726379999999999582e-01 5.163000000000000055e-03 8.550000000000000308e-03
0.000000000000000000e+00 4.758830000000000005e-01 6.663270000000000026e-01 8.288000000000000228e-03 6.106999999999999582e-03
0.000000000000000000e+00 4.713990000000000125e-01 6.709079999999999488e-01 6.386000000000000183e-03 5.089999999999999906e-03
0.000000000000000000e+00 5.061820000000000208e-01 6.810869999999999980e-01 6.657999999999999856e-03 1.038299999999999987e-02
0.000000000000000000e+00 5.220110000000000028e-01 6.664290000000000491e-01 3.533000000000000116e-03 1.323299999999999997e-02
0.000000000000000000e+00 5.213989999999999458e-01 6.840389999999999526e-01 9.646999999999999326e-03 5.700000000000000205e-03
0.000000000000000000e+00 5.435459999999999736e-01 6.692789999999999573e-01 7.472999999999999608e-03 1.078999999999999924e-02
0.000000000000000000e+00 5.360049999999999537e-01 6.881110000000000282e-01 8.423999999999999197e-03 6.922000000000000201e-03
0.000000000000000000e+00 5.301630000000000509e-01 7.007330000000000503e-01 2.716999999999999797e-03 1.262199999999999954e-02
0.000000000000000000e+00 5.307739999999999680e-01 6.984930000000000305e-01 8.831999999999999573e-03 5.292999999999999962e-03
0.000000000000000000e+00 5.692260000000000097e-01 6.861770000000000369e-01 8.016000000000000555e-03 1.119700000000000036e-02
0.000000000000000000e+00 5.754080000000000306e-01 6.973740000000000494e-01 8.423999999999999197e-03 9.568000000000000116e-03
0.000000000000000000e+00 5.732340000000000213e-01 6.611359999999999459e-01 2.988999999999999903e-03 1.445399999999999983e-02
0.000000000000000000e+00 5.476220000000000532e-01 6.598129999999999828e-01 9.646999999999999326e-03 5.292999999999999962e-03
0.000000000000000000e+00 5.468070000000000430e-01 6.546210000000000084e-01 6.929000000000000263e-03 7.532999999999999766e-03
0.000000000000000000e+00 3.580160000000000009e-01 2.410420000000000063e-01 7.609000000000000312e-03 1.221500000000000016e-02
0.000000000000000000e+00 3.614129999999999843e-01 2.547840000000000105e-01 6.793000000000000427e-03 1.038299999999999987e-02
0.000000000000000000e+00 4.208560000000000079e-01 2.701549999999999785e-01 1.290799999999999934e-02 1.017900000000000055e-02
0.000000000000000000e+00 4.278529999999999833e-01 2.841000000000000192e-01 1.222799999999999929e-02 9.568000000000000116e-03
0.000000000000000000e+00 4.333560000000000190e-01 2.965189999999999770e-01 4.754999999999999678e-03 1.445399999999999983e-02
0.000000000000000000e+00 4.128399999999999848e-01 3.294989999999999863e-01 9.646999999999999326e-03 9.976000000000000492e-03
0.000000000000000000e+00 3.955839999999999912e-01 3.121950000000000003e-01 1.073400000000000049e-02 1.038299999999999987e-02
0.000000000000000000e+00 3.752719999999999945e-01 3.148409999999999820e-01 7.336999999999999772e-03 1.486200000000000021e-02
0.000000000000000000e+00 3.338990000000000014e-01 3.181999999999999829e-01 8.016000000000000555e-03 1.140099999999999968e-02
1.000000000000000000e+00 3.026490000000000014e-01 3.136200000000000099e-01 1.317899999999999974e-02 1.078999999999999924e-02
0.000000000000000000e+00 2.768340000000000245e-01 2.857290000000000108e-01 9.917999999999999733e-03 8.347000000000000253e-03
0.000000000000000000e+00 2.655569999999999875e-01 3.247149999999999759e-01 7.472999999999999608e-03 1.506500000000000027e-02
1.000000000000000000e+00 4.324729999999999963e-01 4.251829999999999776e-01 7.336999999999999772e-03 9.976000000000000492e-03
0.000000000000000000e+00 3.880430000000000268e-01 3.786640000000000006e-01 3.261000000000000010e-03 1.262199999999999954e-02
0.000000000000000000e+00 3.872280000000000166e-01 3.702159999999999895e-01 8.423999999999999197e-03 7.125000000000000257e-03
0.000000000000000000e+00 3.688859999999999917e-01 4.131719999999999837e-01 9.239000000000000684e-03 7.939999999999999142e-03
0.000000000000000000e+00 3.734370000000000189e-01 4.243689999999999962e-01 5.571000000000000431e-03 1.282600000000000059e-02
0.000000000000000000e+00 3.661679999999999935e-01 4.384159999999999724e-01 5.163000000000000055e-03 1.486200000000000021e-02
1.000000000000000000e+00 3.253400000000000181e-01 4.354640000000000177e-01 9.102999999999999980e-03 7.735999999999999821e-03
1.000000000000000000e+00 3.012230000000000185e-01 3.891490000000000227e-01 7.065000000000000099e-03 1.771199999999999858e-02
0.000000000000000000e+00 2.891299999999999981e-01 3.884360000000000035e-01 8.696000000000000604e-03 7.328999999999999578e-03
0.000000000000000000e+00 2.952449999999999797e-01 4.056390000000000273e-01 3.533000000000000116e-03 1.526899999999999959e-02
0.000000000000000000e+00 3.201089999999999769e-01 4.569420000000000148e-01 7.609000000000000312e-03 9.976000000000000492e-03
0.000000000000000000e+00 3.669839999999999769e-01 4.833060000000000134e-01 7.879999999999999852e-03 9.365000000000000061e-03
0.000000000000000000e+00 4.044159999999999977e-01 4.908390000000000253e-01 9.102999999999999980e-03 5.292999999999999962e-03
0.000000000000000000e+00 4.176630000000000065e-01 4.900240000000000151e-01 3.533000000000000116e-03 1.425099999999999978e-02
1.000000000000000000e+00 3.106659999999999977e-01 5.253459999999999797e-01 9.917999999999999733e-03 1.119700000000000036e-02
1.000000000000000000e+00 3.154210000000000069e-01 5.910020000000000273e-01 5.841999999999999971e-03 1.465799999999999916e-02
0.000000000000000000e+00 3.217389999999999972e-01 5.651469999999999549e-01 5.163000000000000055e-03 1.954399999999999887e-02
0.000000000000000000e+00 3.399460000000000259e-01 5.953789999999999916e-01 5.163000000000000055e-03 1.119700000000000036e-02
0.000000000000000000e+00 3.369570000000000065e-01 5.892709999999999892e-01 7.879999999999999852e-03 5.497000000000000150e-03
0.000000000000000000e+00 3.286680000000000157e-01 5.932410000000000183e-01 4.619999999999999975e-03 1.058599999999999992e-02
0.000000000000000000e+00 3.248639999999999861e-01 5.953789999999999916e-01 4.619999999999999975e-03 1.282600000000000059e-02
0.000000000000000000e+00 3.078119999999999745e-01 6.085099999999999953e-01 7.745000000000000148e-03 1.140099999999999968e-02
0.000000000000000000e+00 3.183420000000000138e-01 6.127850000000000241e-01 9.783000000000000029e-03 8.550000000000000308e-03
0.000000000000000000e+00 3.071329999999999893e-01 6.313109999999999555e-01 9.646999999999999326e-03 7.735999999999999821e-03
0.000000000000000000e+00 2.690899999999999959e-01 5.864209999999999701e-01 8.559999999999999901e-03 8.347000000000000253e-03
0.000000000000000000e+00 2.635190000000000032e-01 5.195440000000000058e-01 5.571000000000000431e-03 1.221500000000000016e-02
1.000000000000000000e+00 2.656930000000000125e-01 6.404720000000000413e-01 5.298999999999999891e-03 1.506500000000000027e-02
0.000000000000000000e+00 2.961280000000000023e-01 6.319219999999999837e-01 6.657999999999999856e-03 1.180800000000000079e-02
0.000000000000000000e+00 2.740489999999999871e-01 6.974759999999999849e-01 7.065000000000000099e-03 1.262199999999999954e-02
0.000000000000000000e+00 2.937500000000000111e-01 6.839370000000000172e-01 9.783000000000000029e-03 8.347000000000000253e-03
0.000000000000000000e+00 3.186820000000000208e-01 6.489209999999999701e-01 9.646999999999999326e-03 5.904000000000000394e-03
0.000000000000000000e+00 3.688179999999999792e-01 6.679559999999999942e-01 9.646999999999999326e-03 6.106999999999999582e-03
0.000000000000000000e+00 3.908969999999999945e-01 6.701949999999999852e-01 3.261000000000000010e-03 1.425099999999999978e-02
0.000000000000000000e+00 3.949050000000000060e-01 6.616450000000000387e-01 4.211999999999999598e-03 1.343600000000000003e-02
0.000000000000000000e+00 3.999320000000000097e-01 6.464779999999999971e-01 5.841999999999999971e-03 8.753999999999999629e-03
0.000000000000000000e+00 4.159649999999999737e-01 6.401670000000000416e-01 7.472999999999999608e-03 6.718000000000000013e-03
0.000000000000000000e+00 4.136549999999999949e-01 6.344670000000000032e-01 7.472999999999999608e-03 6.310999999999999770e-03
0.000000000000000000e+00 3.983700000000000019e-01 7.012420000000000320e-01 4.891000000000000382e-03 1.119700000000000036e-02
0.000000000000000000e+00 4.199049999999999727e-01 6.848530000000000451e-01 5.298999999999999891e-03 1.017900000000000055e-02
0.000000000000000000e+00 4.148780000000000245e-01 6.939130000000000020e-01 6.929000000000000263e-03 5.904000000000000394e-03
0.000000000000000000e+00 4.207879999999999954e-01 6.964580000000000215e-01 3.804000000000000090e-03 1.221500000000000016e-02
0.000000000000000000e+00 4.180710000000000259e-01 7.022599999999999953e-01 5.163000000000000055e-03 7.939999999999999142e-03
0.000000000000000000e+00 4.109380000000000255e-01 6.962540000000000395e-01 6.657999999999999856e-03 8.958000000000000684e-03
0.000000000000000000e+00 4.389270000000000116e-01 6.870929999999999538e-01 6.386000000000000183e-03 1.710100000000000162e-02
0.000000000000000000e+00 4.317929999999999824e-01 6.668359999999999843e-01 7.609000000000000312e-03 7.125000000000000257e-03
1.000000000000000000e+00 4.154889999999999972e-01 6.730460000000000331e-01 6.793000000000000427e-03 9.365000000000000061e-03
0.000000000000000000e+00 4.417119999999999935e-01 5.203579999999999872e-01 8.696000000000000604e-03 9.365000000000000061e-03
1.000000000000000000e+00 4.273100000000000231e-01 5.304360000000000186e-01 4.619999999999999975e-03 1.771199999999999858e-02
1.000000000000000000e+00 4.190220000000000056e-01 5.450939999999999674e-01 5.977999999999999807e-03 1.323299999999999997e-02
0.000000000000000000e+00 4.312500000000000222e-01 5.734930000000000305e-01 7.879999999999999852e-03 1.221500000000000016e-02
0.000000000000000000e+00 4.423230000000000217e-01 5.628049999999999997e-01 9.917999999999999733e-03 6.718000000000000013e-03
0.000000000000000000e+00 4.428670000000000107e-01 5.710499999999999465e-01 5.027000000000000218e-03 8.550000000000000308e-03
0.000000000000000000e+00 4.468750000000000222e-01 5.704399999999999471e-01 7.065000000000000099e-03 5.700000000000000205e-03
0.000000000000000000e+00 2.034650000000000070e-01 3.929150000000000142e-01 6.929000000000000263e-03 1.017900000000000055e-02
0.000000000000000000e+00 1.633830000000000005e-01 4.427929999999999922e-01 7.200999999999999936e-03 5.292999999999999962e-03
1.000000000000000000e+00 2.460600000000000009e-01 4.532780000000000142e-01 8.423999999999999197e-03 1.893299999999999844e-02
0.000000000000000000e+00 2.010869999999999880e-01 5.318610000000000282e-01 1.086999999999999945e-02 7.532999999999999766e-03
0.000000000000000000e+00 2.408289999999999875e-01 5.777689999999999770e-01 9.102999999999999980e-03 9.365000000000000061e-03
0.000000000000000000e+00 2.536010000000000209e-01 5.950729999999999631e-01 5.841999999999999971e-03 1.099299999999999930e-02
0.000000000000000000e+00 2.398780000000000079e-01 5.955819999999999448e-01 4.211999999999999598e-03 1.078999999999999924e-02
0.000000000000000000e+00 2.339670000000000083e-01 5.919180000000000552e-01 7.609000000000000312e-03 5.904000000000000394e-03
0.000000000000000000e+00 2.032609999999999972e-01 5.722720000000000029e-01 5.434999999999999727e-03 1.506500000000000027e-02
1.000000000000000000e+00 2.336959999999999871e-01 6.266289999999999916e-01 7.065000000000000099e-03 1.099299999999999930e-02
0.000000000000000000e+00 2.120920000000000027e-01 6.441369999999999596e-01 5.977999999999999807e-03 1.587900000000000075e-02
0.000000000000000000e+00 1.985729999999999995e-01 6.405739999999999768e-01 5.027000000000000218e-03 8.753999999999999629e-03
0.000000000000000000e+00 1.930030000000000079e-01 6.349759999999999849e-01 7.745000000000000148e-03 8.142999999999999197e-03
0.000000000000000000e+00 1.944289999999999907e-01 6.872960000000000180e-01 6.793000000000000427e-03 7.735999999999999821e-03
