15 0.194724 0.437788 0.022613 0.086022
15 0.434673 0.290323 0.077889 0.030722
15 0.488693 0.268817 0.030151 0.089094
15 0.675879 0.130568 0.042714 0.086022
15 0.569095 0.403226 0.065327 0.044547
15 0.798367 0.374808 0.061558 0.061444
15 0.849246 0.481567 0.037688 0.099846
15 0.815955 0.644393 0.069095 0.038402
15 0.710427 0.635945 0.038945 0.079877
15 0.577261 0.576037 0.021357 0.089094
15 0.452261 0.718894 0.035176 0.089094
15 0.388819 0.774962 0.041457 0.099846
15 0.946608 0.692012 0.064070 0.084485
15 0.838568 0.890937 0.028894 0.092166
15 0.952889 0.845622 0.069095 0.081413
15 0.670854 0.933180 0.040201 0.087558
