15 0.750340 0.698493 0.007473 0.011808
15 0.746739 0.683734 0.008696 0.008754
15 0.794837 0.652789 0.007337 0.009976
15 0.817255 0.610037 0.008696 0.011604
15 0.815149 0.659202 0.008288 0.006515
16 0.815829 0.669585 0.007201 0.009365
15 0.762160 0.620318 0.006114 0.011808
15 0.760462 0.591409 0.003804 0.014251
15 0.755163 0.588660 0.005707 0.012826
15 0.751495 0.570949 0.005435 0.016083
15 0.758288 0.566673 0.005435 0.012826
15 0.768139 0.549674 0.009103 0.009772
15 0.789402 0.539088 0.004891 0.014658
15 0.719769 0.525346 0.010190 0.007533
15 0.711889 0.577158 0.004755 0.015472
15 0.689470 0.476588 0.008560 0.006922
16 0.726562 0.421621 0.003668 0.015879
15 0.747554 0.459589 0.007065 0.015269
15 0.775951 0.438111 0.007609 0.011401
15 0.804416 0.468037 0.008016 0.008143
15 0.769158 0.375814 0.007609 0.009365
15 0.738859 0.345073 0.008152 0.007736
15 0.716101 0.334385 0.006929 0.009976
15 0.708967 0.339373 0.005707 0.011401
15 0.547418 0.195949 0.006250 0.013233
15 0.556861 0.248168 0.006929 0.008958
15 0.558628 0.254988 0.003668 0.012419
15 0.566508 0.198697 0.004755 0.016287
15 0.585190 0.259874 0.008696 0.010790
15 0.617052 0.261095 0.007201 0.012419
15 0.683356 0.266287 0.004484 0.015065
15 0.681046 0.299878 0.004212 0.015879
15 0.670584 0.296213 0.010190 0.006515
15 0.647554 0.338151 0.005163 0.016287
15 0.588791 0.320847 0.008560 0.015065
15 0.564402 0.311482 0.005978 0.013436
15 0.529348 0.281250 0.007337 0.012826
15 0.560326 0.351893 0.008152 0.010790
15 0.593478 0.398616 0.005978 0.010993
15 0.598302 0.408591 0.005571 0.013029
15 0.548030 0.421112 0.007473 0.007533
15 0.536141 0.437296 0.004076 0.014251
15 0.522962 0.411340 0.009783 0.009161
15 0.606861 0.441775 0.007473 0.012622
15 0.660122 0.385383 0.005299 0.013029
15 0.663519 0.378766 0.006386 0.012419
15 0.660190 0.371234 0.008152 0.010383
15 0.682745 0.449206 0.007880 0.010383
15 0.675679 0.513436 0.008967 0.011401
15 0.647758 0.502952 0.004755 0.016083
15 0.633288 0.484426 0.008967 0.007533
15 0.617459 0.512113 0.004755 0.016083
15 0.610394 0.488294 0.005571 0.015269
15 0.596196 0.489719 0.005435 0.011197
15 0.592867 0.485647 0.008832 0.009976
15 0.568139 0.484426 0.009647 0.007940
15 0.539334 0.516083 0.009918 0.007736
15 0.576495 0.581739 0.007609 0.012011
16 0.575951 0.599959 0.009511 0.008958
16 0.665761 0.542956 0.004348 0.014658
15 0.650815 0.583164 0.004620 0.016083
15 0.619293 0.589984 0.003804 0.014658
15 0.609715 0.574511 0.004212 0.014658
15 0.541440 0.552117 0.006793 0.011808
15 0.536141 0.610444 0.005978 0.012419
15 0.598709 0.635179 0.005299 0.013436
15 0.556658 0.649226 0.004076 0.015879
15 0.551698 0.647598 0.002853 0.013029
15 0.546467 0.647903 0.005435 0.011604
15 0.550747 0.640371 0.003940 0.011604
15 0.522351 0.678441 0.006658 0.014862
15 0.552582 0.681189 0.006522 0.016694
15 0.559307 0.705212 0.008288 0.010179
15 0.580707 0.704092 0.011141 0.009976
15 0.599049 0.682003 0.003804 0.015472
15 0.618207 0.663681 0.005163 0.017508
15 0.619973 0.685362 0.006522 0.013233
15 0.611481 0.695643 0.008288 0.010993
15 0.606046 0.688213 0.005571 0.009568
15 0.609783 0.688721 0.006793 0.009365
15 0.654076 0.697679 0.010598 0.006515
15 0.665829 0.675896 0.004484 0.013436
15 0.681929 0.662561 0.008424 0.013233
15 0.659851 0.620114 0.004212 0.017101
15 0.511821 0.697577 0.005978 0.013233
15 0.502649 0.706433 0.008832 0.012215
15 0.487568 0.691979 0.006929 0.015065
15 0.432609 0.709487 0.008152 0.009365
15 0.441576 0.682003 0.004620 0.014251
15 0.433288 0.654520 0.005163 0.017101
15 0.406658 0.658286 0.009239 0.012011
16 0.372283 0.623880 0.006250 0.009976
15 0.339674 0.652586 0.010054 0.007125
15 0.333288 0.513233 0.009783 0.010586
15 0.352174 0.517712 0.008967 0.010586
15 0.359647 0.501018 0.006250 0.010179
15 0.369565 0.496030 0.010598 0.007940
15 0.396943 0.493282 0.003125 0.014658
15 0.406454 0.506209 0.007201 0.012419
15 0.421332 0.525753 0.008152 0.010383
15 0.426970 0.526975 0.005299 0.011604
15 0.413451 0.549064 0.005435 0.014251
15 0.396535 0.542243 0.004755 0.012419
15 0.399117 0.529927 0.009375 0.006922
16 0.385530 0.534202 0.009375 0.015065
15 0.364878 0.557003 0.013723 0.005700
15 0.370992 0.572476 0.009103 0.006922
15 0.362976 0.561177 0.008832 0.008347
15 0.381929 0.580721 0.010870 0.007533
15 0.387160 0.576038 0.004755 0.012826
15 0.450951 0.533693 0.009783 0.005904
15 0.471603 0.552219 0.006250 0.013640
15 0.491644 0.572170 0.006658 0.016490
15 0.508424 0.554764 0.007880 0.013029
15 0.501359 0.481576 0.007065 0.012826
15 0.467120 0.477300 0.009239 0.010790
16 0.433220 0.482085 0.008832 0.009772
15 0.422826 0.487072 0.009511 0.005497
15 0.401970 0.477402 0.007745 0.008958
15 0.423709 0.465289 0.005571 0.013640
15 0.425611 0.460912 0.003668 0.013029
15 0.437568 0.454906 0.003940 0.016083
15 0.414402 0.440350 0.005978 0.014251
15 0.418003 0.432512 0.004212 0.015269
15 0.410122 0.409202 0.004755 0.015472
15 0.404891 0.419686 0.006793 0.010383
15 0.398234 0.429560 0.009783 0.010586
15 0.356658 0.427626 0.008967 0.006718
15 0.362228 0.417243 0.004620 0.013640
15 0.367799 0.392203 0.010870 0.008347
15 0.331590 0.410831 0.009103 0.013436
15 0.330707 0.375611 0.005707 0.013844
15 0.379348 0.353624 0.010870 0.006107
15 0.391712 0.330415 0.007337 0.014251
15 0.396943 0.370216 0.009375 0.007940
15 0.454008 0.356372 0.010734 0.013233
15 0.330978 0.268628 0.006250 0.014454
15 0.367052 0.269340 0.006929 0.015065
15 0.390761 0.278400 0.005163 0.016083
15 0.418274 0.225570 0.006114 0.014658
15 0.446603 0.249389 0.008152 0.008550
15 0.456114 0.242671 0.009511 0.010179
15 0.477038 0.263742 0.007609 0.012419
15 0.491848 0.268831 0.009783 0.013233
15 0.493207 0.295297 0.011685 0.008754
15 0.476087 0.188620 0.007609 0.008347
15 0.322622 0.318709 0.006386 0.013640
15 0.310326 0.352809 0.005435 0.011401
15 0.316916 0.441979 0.008016 0.010179
15 0.322418 0.497659 0.010598 0.008347
15 0.265217 0.429357 0.007065 0.010586
15 0.236821 0.449817 0.010870 0.006311
15 0.232133 0.459385 0.006114 0.013233
15 0.197690 0.415411 0.010054 0.010790
16 0.191644 0.500305 0.004484 0.015269
15 0.214470 0.525346 0.010462 0.009568
15 0.259715 0.509670 0.003940 0.016897
15 0.327174 0.659406 0.004620 0.015065
16 0.300815 0.573901 0.009783 0.006515
15 0.266372 0.620216 0.004212 0.016083
15 0.214334 0.621030 0.007201 0.011604
15 0.204008 0.621437 0.010462 0.010790
15 0.317527 0.722923 0.009783 0.008143
16 0.270720 0.690961 0.006658 0.013436
15 0.266576 0.689434 0.006250 0.009568
16 0.253193 0.713559 0.009647 0.010179
16 0.224660 0.701344 0.010190 0.008143
15 0.196671 0.672537 0.008832 0.010790
15 0.179416 0.668872 0.009103 0.009976
15 0.190014 0.695440 0.006658 0.015472
