16 0.330571 0.640371 0.004891 0.012419
16 0.305707 0.627138 0.005163 0.013233
16 0.335462 0.673555 0.007337 0.013233
15 0.312908 0.672537 0.011141 0.007940
16 0.278804 0.638640 0.010598 0.008143
16 0.237024 0.657268 0.004484 0.016490
16 0.365014 0.627443 0.006658 0.007329
16 0.300340 0.592732 0.005571 0.016083
16 0.306658 0.565350 0.004891 0.012215
15 0.278261 0.542854 0.008967 0.010383
15 0.299728 0.530741 0.007609 0.009772
15 0.314606 0.610953 0.006386 0.010179
15 0.338111 0.551914 0.006929 0.014658
15 0.362500 0.665717 0.005978 0.012215
16 0.222554 0.535016 0.006522 0.007329
16 0.229687 0.498880 0.005571 0.012419
16 0.276970 0.493282 0.009647 0.005293
16 0.303872 0.513538 0.005299 0.013640
16 0.308424 0.521274 0.007065 0.011197
16 0.329959 0.496132 0.007473 0.008143
16 0.285122 0.449715 0.005842 0.012215
15 0.289946 0.473229 0.006793 0.010790
16 0.269361 0.492875 0.006658 0.007329
16 0.350204 0.551201 0.004484 0.013640
16 0.357609 0.537357 0.002989 0.016083
16 0.361617 0.546519 0.007473 0.011604
16 0.362296 0.539902 0.008832 0.011808
16 0.350340 0.506718 0.008832 0.010179
16 0.321196 0.493587 0.007609 0.011197
16 0.327310 0.479235 0.007609 0.010586
15 0.359375 0.479845 0.008424 0.008143
15 0.372011 0.468750 0.006522 0.008754
15 0.379484 0.443404 0.004348 0.012622
15 0.371603 0.418669 0.006522 0.013233
16 0.335938 0.444625 0.008288 0.010179
16 0.317052 0.440147 0.006929 0.011401
16 0.311753 0.423249 0.004755 0.013844
15 0.284851 0.429866 0.009103 0.008347
15 0.317188 0.412561 0.006658 0.012419
15 0.339538 0.429357 0.007880 0.012215
15 0.333016 0.395664 0.010870 0.007940
16 0.321535 0.368893 0.008016 0.009365
15 0.286209 0.368791 0.009103 0.009976
15 0.243071 0.362581 0.007609 0.012215
16 0.291304 0.354540 0.004891 0.013233
15 0.332948 0.345175 0.003940 0.014862
15 0.347147 0.367366 0.004891 0.014862
15 0.364470 0.349756 0.006929 0.010586
15 0.343682 0.347313 0.008560 0.005700
16 0.352378 0.319116 0.005299 0.014862
16 0.338519 0.330619 0.005842 0.011401
16 0.342663 0.343852 0.006522 0.010179
16 0.355299 0.340594 0.007880 0.006922
16 0.368410 0.462235 0.005299 0.010383
16 0.482405 0.177830 0.008832 0.007533
15 0.474117 0.184955 0.009375 0.006718
16 0.466236 0.220684 0.005571 0.016287
16 0.449592 0.253563 0.009239 0.009568
16 0.423913 0.297028 0.009511 0.006922
16 0.401630 0.288681 0.009783 0.009365
16 0.407269 0.278196 0.008288 0.008347
15 0.387976 0.290411 0.005571 0.013233
15 0.411957 0.279520 0.005707 0.008550
15 0.443546 0.248677 0.003397 0.009568
15 0.429348 0.318506 0.005707 0.016083
15 0.422826 0.314434 0.007609 0.007533
15 0.423302 0.319320 0.007473 0.008347
16 0.406114 0.341205 0.003533 0.014251
16 0.425204 0.329906 0.006929 0.009568
16 0.428193 0.333571 0.008016 0.008347
16 0.431861 0.340900 0.005299 0.010790
16 0.428533 0.342732 0.005978 0.012826
16 0.429212 0.356983 0.005163 0.012419
16 0.435802 0.357797 0.004484 0.014047
16 0.413655 0.389760 0.006929 0.007940
16 0.481454 0.300285 0.003668 0.013436
16 0.460122 0.356270 0.003668 0.016287
16 0.450883 0.359935 0.008832 0.008550
16 0.501563 0.316673 0.008832 0.005090
15 0.507880 0.297944 0.009511 0.005497
15 0.504416 0.258449 0.004755 0.012011
15 0.526223 0.274226 0.008152 0.012215
16 0.519905 0.336930 0.008832 0.006107
16 0.524728 0.337744 0.008696 0.007736
16 0.499864 0.363803 0.005978 0.012215
16 0.485734 0.375713 0.004620 0.014454
16 0.479823 0.381209 0.009103 0.011604
15 0.466780 0.336523 0.005027 0.013844
16 0.422962 0.384059 0.006250 0.009568
16 0.497079 0.394035 0.009103 0.007125
16 0.485054 0.406759 0.007880 0.008143
16 0.513791 0.412866 0.005027 0.011401
16 0.519429 0.442997 0.008424 0.013436
15 0.550068 0.484019 0.007201 0.012011
15 0.517595 0.497862 0.003668 0.013233
15 0.510190 0.483103 0.004891 0.012215
16 0.509443 0.505700 0.008288 0.007736
16 0.486481 0.483204 0.008832 0.006718
15 0.456454 0.491755 0.008016 0.010383
16 0.434171 0.515574 0.007745 0.008347
16 0.441033 0.450428 0.005435 0.015676
15 0.440285 0.394951 0.005571 0.018730
16 0.402378 0.467834 0.009918 0.008550
16 0.421603 0.509874 0.007337 0.008347
15 0.389198 0.527687 0.007473 0.009365
16 0.388791 0.557512 0.004212 0.010790
16 0.403668 0.564739 0.004620 0.013029
16 0.400476 0.566266 0.005299 0.014454
15 0.452514 0.586930 0.007745 0.011808
15 0.426970 0.577871 0.010462 0.006718
15 0.425068 0.663070 0.008288 0.007329
15 0.436753 0.653502 0.009647 0.005700
15 0.418071 0.661645 0.007337 0.010586
16 0.551902 0.618078 0.005163 0.017915
15 0.580435 0.680476 0.010598 0.006718
15 0.589130 0.672231 0.009783 0.009772
16 0.661957 0.653094 0.004891 0.014251
16 0.696671 0.668974 0.006658 0.010993
15 0.753465 0.683836 0.008288 0.010586
15 0.712092 0.683225 0.008696 0.008958
15 0.696332 0.678237 0.007065 0.008754
15 0.687432 0.680476 0.004755 0.013233
15 0.679959 0.656963 0.004212 0.010993
16 0.703057 0.634263 0.007745 0.006311
16 0.695380 0.629275 0.003804 0.011808
16 0.664470 0.591816 0.007745 0.006107
16 0.671535 0.590493 0.003397 0.012419
16 0.680367 0.599349 0.004484 0.014658
16 0.626019 0.605151 0.005842 0.012826
16 0.622215 0.621539 0.005842 0.013844
16 0.641576 0.637724 0.005978 0.010790
15 0.648438 0.650143 0.006658 0.010383
15 0.673098 0.619809 0.010054 0.005904
15 0.687976 0.591002 0.007473 0.010179
15 0.582609 0.593139 0.005978 0.014862
16 0.606250 0.583774 0.006793 0.011604
16 0.616508 0.611767 0.008288 0.006922
15 0.628804 0.588253 0.004348 0.012419
15 0.625136 0.584894 0.006793 0.011808
15 0.649796 0.601283 0.009918 0.008347
15 0.655163 0.597822 0.004076 0.012011
16 0.650068 0.592020 0.004212 0.012622
16 0.646671 0.594870 0.005571 0.010179
16 0.669905 0.554560 0.007201 0.008550
15 0.741644 0.648717 0.008832 0.007125
15 0.733560 0.632024 0.007065 0.014047
15 0.702989 0.611462 0.004891 0.010790
15 0.697283 0.611869 0.006522 0.013640
15 0.704280 0.564638 0.005299 0.014047
15 0.693342 0.558836 0.007880 0.010993
15 0.686345 0.564434 0.009103 0.004682
16 0.662296 0.571559 0.007745 0.007533
16 0.670924 0.565961 0.004348 0.011808
16 0.690014 0.573799 0.003397 0.012011
16 0.686821 0.574410 0.005435 0.013233
16 0.721332 0.572374 0.008696 0.009976
16 0.724049 0.560973 0.008696 0.011197
15 0.725951 0.570134 0.007065 0.011604
15 0.738587 0.545806 0.004891 0.012215
15 0.658832 0.539190 0.007880 0.008347
16 0.628804 0.525753 0.004891 0.014047
16 0.643071 0.510077 0.009239 0.010790
16 0.652921 0.505090 0.007201 0.010993
16 0.657677 0.476486 0.006929 0.011197
15 0.616576 0.513436 0.008152 0.007736
15 0.594837 0.509467 0.006522 0.009161
15 0.614402 0.494910 0.006793 0.012215
16 0.615285 0.450326 0.009103 0.007329
15 0.640489 0.455314 0.005163 0.014454
16 0.620380 0.473941 0.006793 0.012215
15 0.704959 0.524226 0.010190 0.006515
16 0.697962 0.484426 0.004891 0.014047
16 0.698641 0.473534 0.006250 0.011401
16 0.622554 0.394137 0.006522 0.011401
16 0.619090 0.428848 0.010190 0.010790
15 0.652989 0.431393 0.004348 0.013844
16 0.673302 0.433225 0.005299 0.013436
15 0.690014 0.460403 0.009647 0.007533
15 0.697418 0.464780 0.006250 0.011808
15 0.706793 0.457858 0.007337 0.006515
15 0.704416 0.464373 0.003125 0.010179
15 0.713111 0.471906 0.007201 0.010586
15 0.715014 0.468954 0.005842 0.012011
16 0.705163 0.491042 0.007337 0.011401
15 0.747486 0.499898 0.007201 0.014047
16 0.700204 0.454499 0.006386 0.013233
15 0.793274 0.596091 0.008560 0.011401
16 0.793274 0.615330 0.005571 0.014454
16 0.692799 0.363803 0.004076 0.011401
16 0.684511 0.362174 0.004076 0.013436
16 0.682133 0.359426 0.003940 0.010790
16 0.562704 0.365024 0.007745 0.010179
16 0.572486 0.345989 0.004484 0.013233
16 0.586277 0.358917 0.008152 0.009365
16 0.619633 0.352606 0.010190 0.010179
16 0.641780 0.331739 0.007745 0.009568
16 0.639198 0.296621 0.005842 0.008958
16 0.656861 0.288070 0.005299 0.011401
15 0.686889 0.292651 0.006929 0.007533
15 0.676834 0.265676 0.006658 0.014251
16 0.649185 0.254275 0.008152 0.005700
15 0.627106 0.242264 0.006658 0.011808
