16 0.787976 0.521376 0.005299 0.015472
15 0.787160 0.497252 0.007473 0.009976
16 0.768546 0.498168 0.005027 0.013029
16 0.744158 0.497252 0.005707 0.013233
15 0.726359 0.505090 0.008967 0.007329
16 0.724049 0.513335 0.007337 0.009568
15 0.765557 0.583876 0.008560 0.006515
16 0.744565 0.552728 0.004891 0.015065
15 0.768954 0.599247 0.008288 0.007940
16 0.734443 0.606169 0.008560 0.012826
16 0.722690 0.590900 0.004891 0.016083
16 0.714946 0.560973 0.006522 0.010383
16 0.699524 0.539292 0.008288 0.006515
16 0.698166 0.503359 0.006929 0.007940
15 0.692255 0.550590 0.005978 0.013233
15 0.711141 0.566368 0.008967 0.010993
15 0.715149 0.593037 0.007473 0.010586
15 0.706929 0.618893 0.006250 0.010993
15 0.702038 0.510688 0.004891 0.012419
15 0.706182 0.503970 0.005027 0.009161
15 0.703125 0.498270 0.009783 0.007940
15 0.695788 0.496743 0.003261 0.011808
15 0.692120 0.506820 0.004891 0.010383
15 0.736753 0.646783 0.004484 0.013844
16 0.758560 0.632329 0.005163 0.013436
16 0.699524 0.645053 0.009647 0.007125
15 0.703057 0.653502 0.009647 0.006922
15 0.708424 0.692895 0.009239 0.004275
15 0.708152 0.696254 0.009511 0.005700
15 0.677785 0.662866 0.009103 0.010993
15 0.654212 0.631107 0.006250 0.008958
15 0.656726 0.629377 0.007745 0.010790
15 0.670312 0.621641 0.007745 0.009976
16 0.652174 0.681494 0.007065 0.012826
15 0.599457 0.661543 0.009511 0.008754
15 0.613927 0.646173 0.005027 0.012622
15 0.624117 0.614515 0.006114 0.012419
15 0.628533 0.606270 0.008696 0.011401
16 0.641916 0.610240 0.008016 0.009568
15 0.656114 0.593139 0.005163 0.013640
15 0.676019 0.630191 0.005299 0.013640
16 0.679416 0.601283 0.008560 0.008347
16 0.642120 0.583062 0.007337 0.009772
15 0.590829 0.616653 0.008016 0.009772
15 0.578804 0.584894 0.009511 0.005293
15 0.714606 0.480354 0.003668 0.014862
15 0.740285 0.473025 0.004484 0.013640
15 0.700951 0.483103 0.007337 0.008550
16 0.670584 0.473025 0.009375 0.008754
16 0.675340 0.449410 0.007201 0.008347
16 0.677446 0.444727 0.004891 0.010383
16 0.680095 0.441775 0.004212 0.014251
15 0.675543 0.492162 0.009239 0.006311
16 0.644022 0.477911 0.006250 0.013233
15 0.644226 0.507227 0.005027 0.011604
15 0.640149 0.502443 0.005027 0.015065
15 0.666372 0.545501 0.008016 0.006718
15 0.652785 0.567488 0.009647 0.010383
15 0.633832 0.513538 0.007880 0.009568
15 0.623981 0.525753 0.009103 0.009161
15 0.626087 0.555171 0.007609 0.006922
15 0.622215 0.560973 0.005299 0.012826
16 0.617935 0.557614 0.003804 0.014251
16 0.594022 0.527586 0.007337 0.013640
16 0.594973 0.498779 0.006793 0.011808
16 0.578736 0.540717 0.007745 0.008143
15 0.579755 0.547231 0.008967 0.004886
15 0.634239 0.408897 0.004348 0.014454
15 0.637772 0.394137 0.008424 0.005700
15 0.627242 0.394442 0.005842 0.013640
16 0.609715 0.417956 0.007201 0.010179
16 0.604823 0.419585 0.005571 0.014658
16 0.538315 0.321152 0.007880 0.012419
15 0.525408 0.356779 0.006522 0.013640
15 0.531046 0.368485 0.007473 0.011401
15 0.557813 0.412663 0.006114 0.013436
15 0.563655 0.431494 0.004755 0.014047
16 0.573777 0.458062 0.004076 0.013029
15 0.578465 0.468139 0.005571 0.013233
15 0.582948 0.468037 0.005299 0.010993
15 0.586549 0.473229 0.006793 0.010383
15 0.586685 0.485240 0.003804 0.015676
15 0.543818 0.457757 0.007745 0.006718
16 0.542188 0.461319 0.007745 0.005700
15 0.536685 0.465493 0.009783 0.008754
15 0.519429 0.455415 0.008696 0.005293
16 0.515285 0.447679 0.007201 0.008143
16 0.509171 0.450936 0.007201 0.003257
16 0.508628 0.449919 0.007201 0.006515
16 0.509035 0.453074 0.007745 0.005904
15 0.523709 0.430171 0.008832 0.006922
15 0.537296 0.420297 0.008016 0.009568
15 0.520041 0.402891 0.010190 0.006107
15 0.527853 0.404418 0.005435 0.012011
16 0.548777 0.419076 0.007609 0.005497
15 0.546060 0.479336 0.008696 0.006718
16 0.559647 0.495318 0.009239 0.006922
16 0.574728 0.504886 0.006522 0.009772
15 0.567731 0.532064 0.006658 0.011604
15 0.547215 0.537256 0.007745 0.013436
16 0.547758 0.498371 0.009375 0.005700
15 0.535734 0.517203 0.004620 0.012826
15 0.525815 0.506413 0.009239 0.009568
16 0.517867 0.513335 0.006658 0.011604
16 0.510598 0.518831 0.007609 0.007533
16 0.505503 0.524328 0.004755 0.014862
15 0.515353 0.497048 0.003261 0.013233
15 0.511345 0.494096 0.007473 0.012215
15 0.520720 0.547231 0.006386 0.014251
16 0.552514 0.562805 0.005571 0.014047
15 0.540014 0.582248 0.004484 0.011808
15 0.527582 0.574919 0.005435 0.013436
15 0.469090 0.640472 0.009918 0.007736
15 0.460326 0.634059 0.008152 0.011197
15 0.467323 0.612887 0.003668 0.016897
16 0.446399 0.632227 0.008560 0.007533
16 0.423438 0.598840 0.004484 0.009568
15 0.419633 0.592834 0.008560 0.006515
15 0.395992 0.631311 0.006386 0.011808
15 0.502174 0.562093 0.008967 0.009365
15 0.492459 0.550590 0.006386 0.015269
15 0.480571 0.566164 0.005707 0.015879
16 0.443207 0.533082 0.007609 0.008754
16 0.444226 0.498270 0.003125 0.015676
16 0.424389 0.510790 0.006114 0.011401
15 0.416576 0.514251 0.008967 0.008143
16 0.410326 0.516796 0.003533 0.012826
15 0.495720 0.469666 0.005842 0.011401
15 0.491372 0.473331 0.009647 0.006922
15 0.492595 0.430375 0.006386 0.012622
15 0.495448 0.396987 0.006929 0.008958
15 0.486413 0.387113 0.005163 0.010790
15 0.483560 0.411136 0.007880 0.010383
15 0.487976 0.420603 0.010462 0.007736
15 0.476970 0.416124 0.008560 0.010179
15 0.472826 0.421417 0.006250 0.012622
15 0.464062 0.400346 0.008016 0.008347
15 0.473505 0.381006 0.005163 0.015676
16 0.483152 0.376730 0.009511 0.009976
16 0.487160 0.339984 0.006386 0.013029
16 0.317459 0.700224 0.009647 0.007940
16 0.366236 0.609731 0.010462 0.010993
15 0.373913 0.546213 0.008967 0.008143
15 0.298845 0.578074 0.009375 0.007940
15 0.324660 0.556393 0.008288 0.006922
15 0.325476 0.552423 0.008288 0.009161
16 0.327106 0.546010 0.003940 0.013436
15 0.302582 0.528400 0.007065 0.012419
15 0.320041 0.497761 0.008016 0.006107
15 0.361073 0.501730 0.003668 0.013233
16 0.275747 0.495725 0.008016 0.006922
15 0.277717 0.488192 0.004891 0.011808
15 0.246875 0.498270 0.004348 0.016490
16 0.318139 0.486462 0.003940 0.012419
16 0.326427 0.465086 0.008288 0.007125
16 0.318478 0.472618 0.009511 0.008754
15 0.351359 0.458164 0.010870 0.012011
15 0.336141 0.485851 0.008967 0.005497
15 0.362364 0.479642 0.004891 0.008958
15 0.361277 0.477199 0.007880 0.008550
16 0.373370 0.468648 0.002989 0.013029
16 0.366508 0.462235 0.008016 0.012011
16 0.373030 0.453379 0.007745 0.013436
16 0.375883 0.423453 0.005027 0.013844
16 0.315082 0.414495 0.008152 0.010586
16 0.422351 0.458571 0.007745 0.005497
15 0.428125 0.423656 0.003804 0.011808
16 0.424932 0.428441 0.006386 0.006718
15 0.420652 0.424267 0.008967 0.005293
15 0.412024 0.454805 0.004484 0.015065
15 0.384171 0.460200 0.003397 0.016083
15 0.394565 0.497150 0.010054 0.008143
16 0.392255 0.506413 0.008696 0.007533
15 0.389198 0.392203 0.003125 0.015676
15 0.346060 0.386299 0.008967 0.009161
15 0.292935 0.342834 0.007880 0.014658
15 0.214878 0.597720 0.011005 0.008143
