15 0.822079 0.719055 0.009103 0.006922
15 0.815149 0.707960 0.008832 0.008347
15 0.831114 0.683734 0.004348 0.014454
15 0.831997 0.675081 0.006658 0.012215
15 0.844293 0.640472 0.005978 0.012215
15 0.788247 0.661645 0.008560 0.008958
15 0.787160 0.707858 0.008288 0.010993
15 0.795380 0.713762 0.008967 0.005293
15 0.737024 0.720073 0.004755 0.014251
15 0.749389 0.706230 0.010190 0.008550
15 0.719158 0.718241 0.008696 0.008550
15 0.710326 0.711319 0.003804 0.017508
15 0.681658 0.700428 0.011413 0.006311
15 0.674389 0.713355 0.007745 0.008550
15 0.671603 0.707858 0.007880 0.007736
15 0.664742 0.694422 0.007473 0.013029
15 0.678940 0.661747 0.005978 0.014862
15 0.695041 0.670501 0.004484 0.009976
16 0.693682 0.662968 0.009103 0.009976
15 0.692799 0.633550 0.008152 0.011401
15 0.726902 0.638436 0.005978 0.012215
15 0.728668 0.646682 0.004348 0.012011
15 0.733152 0.640574 0.008967 0.007533
15 0.769429 0.623677 0.005435 0.013640
16 0.772554 0.633958 0.004348 0.011808
16 0.805367 0.565757 0.007745 0.011808
16 0.799932 0.543160 0.004212 0.012622
16 0.771535 0.493078 0.010734 0.003257
15 0.774592 0.489617 0.009239 0.005293
15 0.774185 0.531963 0.007337 0.012622
15 0.750679 0.557716 0.009239 0.008754
15 0.739470 0.566877 0.009918 0.006311
15 0.694973 0.593750 0.006522 0.014047
15 0.710530 0.552321 0.012364 0.011401
15 0.683492 0.549878 0.007473 0.013029
15 0.672758 0.514149 0.010462 0.007940
15 0.730367 0.527484 0.009918 0.010179
15 0.714878 0.499186 0.008560 0.011808
15 0.732812 0.441164 0.006386 0.016694
15 0.733832 0.418363 0.003533 0.011808
15 0.734511 0.406046 0.008696 0.009161
15 0.723573 0.410118 0.009103 0.012826
15 0.719429 0.475468 0.005435 0.010383
15 0.671467 0.460098 0.009783 0.008550
15 0.689063 0.435566 0.006929 0.016897
15 0.677378 0.421315 0.008288 0.010383
15 0.693410 0.378461 0.007473 0.012215
15 0.685734 0.374491 0.008152 0.006311
15 0.716508 0.371234 0.008832 0.006311
15 0.715557 0.275346 0.008560 0.013233
15 0.716984 0.305680 0.004348 0.016490
15 0.727378 0.331331 0.007745 0.014862
15 0.753125 0.349247 0.007880 0.020155
15 0.654687 0.241042 0.005027 0.016287
15 0.657880 0.298249 0.008152 0.009772
15 0.644429 0.296112 0.011957 0.010383
15 0.628193 0.289088 0.012364 0.006107
15 0.527785 0.264862 0.009647 0.007736
15 0.520788 0.292956 0.005163 0.010586
15 0.539470 0.295297 0.006658 0.012419
15 0.532133 0.305476 0.006658 0.015676
15 0.523981 0.296722 0.007745 0.005904
15 0.531182 0.326038 0.006114 0.012419
15 0.589674 0.308632 0.003533 0.015472
15 0.590082 0.326038 0.008967 0.007533
15 0.612772 0.324308 0.003804 0.015065
15 0.656046 0.408795 0.005842 0.013844
15 0.626902 0.359935 0.004076 0.015472
16 0.610598 0.374898 0.007065 0.012419
15 0.618410 0.396987 0.003668 0.012622
15 0.614606 0.391287 0.004755 0.011401
15 0.584715 0.410525 0.009647 0.009161
15 0.578940 0.423249 0.006250 0.015879
15 0.557405 0.433021 0.009103 0.006515
16 0.552242 0.343750 0.006929 0.011604
15 0.545380 0.342834 0.008967 0.006922
15 0.507269 0.353522 0.007473 0.009568
15 0.503057 0.359833 0.005571 0.009568
15 0.504348 0.440248 0.007880 0.009161
15 0.533492 0.543974 0.008560 0.010993
15 0.506250 0.533286 0.009511 0.014454
15 0.495584 0.539292 0.005027 0.014251
15 0.578329 0.554764 0.003940 0.015472
15 0.619293 0.540106 0.005163 0.015065
15 0.632201 0.560362 0.010870 0.006311
15 0.620924 0.512113 0.002989 0.016897
16 0.623370 0.510993 0.004348 0.010179
15 0.653940 0.506209 0.009511 0.007940
15 0.656114 0.483103 0.007880 0.008958
15 0.642323 0.477199 0.004212 0.013436
15 0.595380 0.486564 0.009511 0.011808
15 0.654280 0.592325 0.011821 0.007533
15 0.627582 0.639251 0.008424 0.006922
15 0.615353 0.643933 0.007065 0.011808
15 0.637364 0.650041 0.008152 0.004886
15 0.652582 0.663477 0.004891 0.012215
15 0.657948 0.679866 0.006929 0.009568
15 0.639538 0.670704 0.007609 0.007125
15 0.637908 0.676914 0.004076 0.011401
15 0.647962 0.676507 0.004348 0.008143
15 0.645516 0.676914 0.007065 0.006922
15 0.638519 0.686991 0.004755 0.009568
15 0.631318 0.689739 0.008016 0.008550
15 0.629891 0.695949 0.004348 0.013640
15 0.573777 0.612785 0.008152 0.011401
15 0.577038 0.582349 0.005435 0.014862
15 0.551630 0.589984 0.009511 0.008550
15 0.524592 0.596600 0.011141 0.009161
15 0.492595 0.165106 0.006114 0.015879
15 0.447962 0.206942 0.006250 0.013640
16 0.458016 0.244401 0.004891 0.012826
15 0.456726 0.328278 0.005842 0.015269
15 0.490761 0.331535 0.005978 0.014454
15 0.482745 0.452972 0.004076 0.015879
15 0.461685 0.440656 0.011141 0.008347
15 0.453193 0.402891 0.005299 0.016287
15 0.443818 0.419076 0.008016 0.012419
15 0.450883 0.474349 0.007473 0.013436
15 0.485938 0.488599 0.008016 0.011401
15 0.491168 0.479947 0.005707 0.010790
15 0.494565 0.479235 0.007065 0.009365
15 0.462772 0.538884 0.007609 0.009772
16 0.453736 0.531148 0.008560 0.007736
15 0.450000 0.599959 0.007337 0.009772
15 0.444769 0.639556 0.004484 0.012419
15 0.451766 0.635993 0.009783 0.007329
15 0.488247 0.639658 0.009375 0.005700
15 0.465761 0.662866 0.002989 0.013029
15 0.450883 0.674064 0.008832 0.007329
15 0.448709 0.682818 0.005571 0.011808
15 0.466101 0.690656 0.003668 0.013640
15 0.472147 0.678441 0.004891 0.009161
15 0.478397 0.672638 0.005163 0.008550
15 0.475883 0.666327 0.008288 0.006107
15 0.471399 0.670908 0.006386 0.005090
15 0.506182 0.681087 0.006658 0.010383
15 0.522011 0.666429 0.003533 0.013233
15 0.521399 0.684039 0.009647 0.005700
15 0.543546 0.669279 0.007473 0.010790
15 0.536005 0.688111 0.008424 0.006922
15 0.530163 0.700733 0.002717 0.012622
15 0.530774 0.698493 0.008832 0.005293
15 0.569226 0.686177 0.008016 0.011197
15 0.575408 0.697374 0.008424 0.009568
15 0.573234 0.661136 0.002989 0.014454
15 0.547622 0.659813 0.009647 0.005293
15 0.546807 0.654621 0.006929 0.007533
15 0.358016 0.241042 0.007609 0.012215
15 0.361413 0.254784 0.006793 0.010383
15 0.420856 0.270155 0.012908 0.010179
15 0.427853 0.284100 0.012228 0.009568
15 0.433356 0.296519 0.004755 0.014454
15 0.412840 0.329499 0.009647 0.009976
15 0.395584 0.312195 0.010734 0.010383
15 0.375272 0.314841 0.007337 0.014862
15 0.333899 0.318200 0.008016 0.011401
16 0.302649 0.313620 0.013179 0.010790
15 0.276834 0.285729 0.009918 0.008347
15 0.265557 0.324715 0.007473 0.015065
16 0.432473 0.425183 0.007337 0.009976
15 0.388043 0.378664 0.003261 0.012622
15 0.387228 0.370216 0.008424 0.007125
15 0.368886 0.413172 0.009239 0.007940
15 0.373437 0.424369 0.005571 0.012826
15 0.366168 0.438416 0.005163 0.014862
16 0.325340 0.435464 0.009103 0.007736
16 0.301223 0.389149 0.007065 0.017712
15 0.289130 0.388436 0.008696 0.007329
15 0.295245 0.405639 0.003533 0.015269
15 0.320109 0.456942 0.007609 0.009976
15 0.366984 0.483306 0.007880 0.009365
15 0.404416 0.490839 0.009103 0.005293
15 0.417663 0.490024 0.003533 0.014251
16 0.310666 0.525346 0.009918 0.011197
16 0.315421 0.591002 0.005842 0.014658
15 0.321739 0.565147 0.005163 0.019544
15 0.339946 0.595379 0.005163 0.011197
15 0.336957 0.589271 0.007880 0.005497
15 0.328668 0.593241 0.004620 0.010586
15 0.324864 0.595379 0.004620 0.012826
15 0.307812 0.608510 0.007745 0.011401
15 0.318342 0.612785 0.009783 0.008550
15 0.307133 0.631311 0.009647 0.007736
15 0.269090 0.586421 0.008560 0.008347
15 0.263519 0.519544 0.005571 0.012215
16 0.265693 0.640472 0.005299 0.015065
15 0.296128 0.631922 0.006658 0.011808
15 0.274049 0.697476 0.007065 0.012622
15 0.293750 0.683937 0.009783 0.008347
15 0.318682 0.648921 0.009647 0.005904
15 0.368818 0.667956 0.009647 0.006107
15 0.390897 0.670195 0.003261 0.014251
15 0.394905 0.661645 0.004212 0.013436
15 0.399932 0.646478 0.005842 0.008754
15 0.415965 0.640167 0.007473 0.006718
15 0.413655 0.634467 0.007473 0.006311
15 0.398370 0.701242 0.004891 0.011197
15 0.419905 0.684853 0.005299 0.010179
15 0.414878 0.693913 0.006929 0.005904
15 0.420788 0.696458 0.003804 0.012215
15 0.418071 0.702260 0.005163 0.007940
15 0.410938 0.696254 0.006658 0.008958
15 0.438927 0.687093 0.006386 0.017101
15 0.431793 0.666836 0.007609 0.007125
16 0.415489 0.673046 0.006793 0.009365
15 0.441712 0.520358 0.008696 0.009365
16 0.427310 0.530436 0.004620 0.017712
16 0.419022 0.545094 0.005978 0.013233
15 0.431250 0.573493 0.007880 0.012215
15 0.442323 0.562805 0.009918 0.006718
15 0.442867 0.571050 0.005027 0.008550
15 0.446875 0.570440 0.007065 0.005700
15 0.203465 0.392915 0.006929 0.010179
15 0.163383 0.442793 0.007201 0.005293
16 0.246060 0.453278 0.008424 0.018933
15 0.201087 0.531861 0.010870 0.007533
15 0.240829 0.577769 0.009103 0.009365
15 0.253601 0.595073 0.005842 0.010993
15 0.239878 0.595582 0.004212 0.010790
15 0.233967 0.591918 0.007609 0.005904
15 0.203261 0.572272 0.005435 0.015065
16 0.233696 0.626629 0.007065 0.010993
15 0.212092 0.644137 0.005978 0.015879
15 0.198573 0.640574 0.005027 0.008754
15 0.193003 0.634976 0.007745 0.008143
15 0.194429 0.687296 0.006793 0.007736
